0.039813,0.093587,0.318726
0.058324,0.102273,0.321202
0.014333,0.097354,0.334732
0.043919,0.094887,0.331257
0.059287,0.120842,0.292511
0.084419,0.126134,0.282650
0.041072,0.114661,0.308679
0.065786,0.121014,0.315101
0.063517,0.090085,0.318521
0.068614,0.099363,0.324716
0.051024,0.088387,0.325148
0.064865,0.088372,0.327351
0.106074,0.065394,0.323430
0.117992,0.066868,0.318232
0.103656,0.060370,0.304280
0.096089,0.069796,0.311736
0.085958,-0.001040,0.427362
0.113785,0.073577,0.497164
-0.004698,0.017358,0.547818
0.124368,-0.066066,0.555580
0.048474,0.070928,0.309305
0.047034,0.077216,0.323338
0.044114,0.072238,0.340555
0.054918,0.080548,0.321963
0.065130,0.090752,0.398605
0.078248,0.100859,0.399943
0.063153,0.089417,0.410420
0.067054,0.097640,0.408032
0.063803,0.107363,0.364689
0.072866,0.113455,0.378145
0.048812,0.102402,0.362984
0.053057,0.108790,0.377117
0.034929,0.067642,0.371648
-0.022967,0.072286,0.340313
0.041107,0.063786,0.340746
0.011866,0.066141,0.335380
0.085130,0.050347,0.152729
0.195515,0.054453,0.226894
-0.004890,0.053591,0.236394
0.094368,0.022306,0.284000
0.100201,0.073791,0.301490
0.042157,0.070819,0.284066
0.158643,0.078147,0.240965
0.067914,0.072180,0.214945
0.122149,0.046951,0.060889
0.227699,0.057775,-0.006067
0.098078,0.046039,0.140865
0.172121,0.070052,0.140795
0.028481,0.061698,0.305243
0.028635,0.067010,0.298739
0.027637,0.061006,0.308707
0.034730,0.062308,0.313917
0.019553,0.063148,0.240549
0.047954,0.077431,0.230818
0.006902,0.068095,0.268268
0.038707,0.068927,0.278170
-0.015789,0.102207,0.213789
0.043093,0.122081,0.240785
-0.062103,0.094585,0.266540
0.009126,0.095606,0.274927
-0.032621,0.091503,0.302902
0.003904,0.089645,0.330213
-0.052839,0.087494,0.302893
-0.020541,0.086609,0.320312
0.013685,0.051721,0.359261
0.017507,0.059077,0.354540
0.007394,0.053755,0.353481
0.007225,0.056985,0.356975
0.046016,0.044714,0.320978
0.057018,0.048329,0.327979
0.039390,0.043785,0.334554
0.047945,0.051308,0.325947
0.070775,0.074926,0.368504
0.073508,0.085043,0.378703
0.060459,0.077677,0.381830
0.074402,0.077713,0.378712
0.055691,0.065755,0.326327
0.070428,0.074951,0.328471
0.060370,0.066840,0.340794
0.065485,0.067832,0.335206
0.059809,0.102081,0.312330
0.079854,0.192393,0.364713
-0.049921,0.126262,0.407497
0.070849,0.099418,0.440049
0.089377,0.077283,0.301994
0.076764,0.103118,0.306686
0.073516,0.077378,0.354614
0.112243,0.080535,0.363284
0.055845,0.084882,0.409151
0.069629,0.093761,0.406136
0.064167,0.087524,0.426483
0.063214,0.084842,0.412726
0.094465,0.064831,0.388202
0.099540,0.065546,0.396511
0.096570,0.056682,0.397767
0.092656,0.071484,0.382707
0.034045,0.058592,0.299885
0.046748,0.065066,0.307496
0.031193,0.057619,0.321049
0.052103,0.061272,0.311693
-0.019298,0.038533,0.300779
-0.036518,0.041536,0.275459
0.000332,0.039712,0.287672
-0.013330,0.039357,0.277104
0.017207,0.093926,0.366136
0.026403,0.104165,0.363119
0.010788,0.090970,0.375692
0.021539,0.096991,0.381185
0.033022,0.082816,0.356967
0.064497,0.088337,0.346985
0.021184,0.081269,0.375737
0.041449,0.082003,0.379183
0.013548,0.081122,0.264417
0.057944,0.089648,0.294414
-0.059346,0.047943,0.328988
0.022550,0.069716,0.317513
0.073336,0.076878,0.286253
0.086046,0.088253,0.274570
0.067107,0.074067,0.288848
0.078398,0.077634,0.287607
0.132063,-0.119156,0.448981
0.246026,-0.065835,0.473901
0.032656,-0.203355,0.496858
0.156701,-0.197609,0.554659
0.184437,-0.126142,0.143496
0.265601,-0.018458,0.308600
0.100881,-0.131817,0.320265
0.184610,-0.279184,0.415821
-0.118808,0.050349,0.208845
-0.113714,0.131190,0.245118
-0.125893,0.145057,0.403482
-0.062377,0.067877,0.320635
-0.025751,0.103203,0.069898
0.004125,0.135926,0.202942
-0.038154,0.070648,0.210517
0.018580,0.051428,0.165617
-0.084016,0.063819,0.107241
-0.043083,0.117050,0.191434
-0.169828,0.067216,0.172141
-0.072749,0.057296,0.253269
0.039306,0.074733,0.036331
0.131578,0.107250,0.183454
0.020493,0.056675,0.172315
0.105378,0.021754,0.224117
0.106916,0.114373,0.281631
0.193622,0.166147,0.326540
0.045719,0.139351,0.403885
0.145130,0.104928,0.388383
0.162616,0.121736,0.086372
0.244283,0.154996,0.156473
0.070123,0.125277,0.177191
0.189174,0.103772,0.205049
0.043575,0.040416,0.387127
0.061103,0.050087,0.379762
0.042989,0.036272,0.377736
0.052842,0.043265,0.381492
0.054333,0.050011,0.333563
0.083650,0.058969,0.351766
0.046584,0.039704,0.356265
0.070650,0.046699,0.358088
0.063755,0.066388,0.372256
0.065287,0.080864,0.376508
0.052474,0.069357,0.382985
0.057523,0.070836,0.385462
0.141486,0.085332,0.428353
0.111074,0.070401,0.409408
0.152738,0.054154,0.378671
0.118149,0.081228,0.382752
0.033334,0.113977,0.343982
-0.019866,0.122405,0.307593
0.048597,0.105530,0.311559
0.015894,0.113488,0.319204
0.065918,0.089994,0.298952
0.073054,0.094549,0.302411
0.057156,0.087403,0.309846
0.080846,0.091204,0.313755
-0.080894,0.063546,0.549754
0.056638,0.081131,0.558888
-0.185781,0.053270,0.620232
-0.027018,0.066762,0.651373
-0.073117,0.024296,0.384832
-0.047300,0.059452,0.442585
-0.143580,0.049651,0.503799
-0.033164,0.018398,0.495313
0.009467,0.061838,0.286306
0.024574,0.062133,0.286587
0.003031,0.056332,0.304348
0.024588,0.062653,0.291107
0.014832,0.053289,0.250868
0.033867,0.066090,0.252265
-0.011039,0.053979,0.265999
0.025068,0.052790,0.281253
0.062510,0.069314,0.388177
0.068706,0.078086,0.386476
0.070108,0.072179,0.389550
0.074026,0.078022,0.374783
0.091478,0.070395,0.353362
0.106222,0.083841,0.361243
0.091638,0.071494,0.368023
0.098061,0.076549,0.373209
-0.000633,0.081424,0.082935
0.062245,0.077576,0.186089
-0.054845,0.055068,0.137332
-0.015206,0.057275,0.169375
-0.137853,0.048004,-0.176293
-0.012031,0.089985,-0.066139
-0.162108,0.065757,0.008846
-0.056873,0.034920,-0.007877
-0.179756,0.061535,0.348111
-0.085060,0.092406,0.419309
-0.234851,0.073356,0.493844
-0.132936,0.055229,0.501536
0.076251,0.057333,0.375488
0.094993,0.060426,0.350996
0.076607,0.050318,0.354577
0.088517,0.067268,0.356517
0.065943,0.033897,0.353192
0.084778,0.037733,0.353351
0.073397,0.030489,0.357114
0.080035,0.032640,0.357284
0.042547,0.046071,0.344769
0.059285,0.053371,0.336211
0.041441,0.046415,0.348568
0.047541,0.047430,0.347808
0.136124,0.085138,0.313546
0.125740,0.112573,0.343937
0.113156,0.079013,0.367583
0.169950,0.057428,0.376093
0.180854,0.101192,0.372958
0.130719,0.087495,0.333859
0.195922,0.077437,0.300446
0.151740,0.077362,0.323328
-0.003777,0.075365,0.339610
-0.020490,0.077152,0.354035
0.001363,0.077929,0.342812
-0.013911,0.078515,0.332510
0.012108,0.082911,0.291006
0.014045,0.088420,0.291372
-0.006234,0.081767,0.273856
0.020434,0.083927,0.317679
0.067443,0.062327,0.372727
0.081842,0.068525,0.364360
0.063593,0.056348,0.384206
0.065000,0.061877,0.384852
0.067046,0.064540,0.353186
0.068809,0.076042,0.343573
0.044766,0.062502,0.365882
0.061982,0.066957,0.366649
0.077167,0.045270,0.342553
0.115777,0.068668,0.399141
0.056147,0.044177,0.385316
0.101216,0.017484,0.395292
0.062239,0.032658,0.293708
0.091541,0.037025,0.292211
0.057888,0.028300,0.311395
0.079189,0.029317,0.311719
0.032070,0.062517,0.330427
0.041926,0.072684,0.320856
0.022211,0.058419,0.343222
0.034024,0.059001,0.329995
-0.013890,0.046170,0.324756
-0.044772,0.053106,0.315650
-0.002322,0.039614,0.314396
-0.014039,0.049787,0.305763
0.148093,0.106038,0.531826
0.268599,0.106893,0.537127
0.075782,0.072522,0.578832
0.163458,0.097131,0.656358
0.186086,0.090024,0.388174
0.290018,0.080631,0.367893
0.123863,0.071697,0.404301
0.170335,0.018759,0.449927
0.069928,0.102039,0.337670
0.079488,0.111489,0.333285
0.057818,0.101005,0.345005
0.070736,0.104087,0.341121
0.091693,0.101195,0.297244
0.102923,0.103615,0.308302
0.078185,0.095816,0.328688
0.103845,0.101036,0.330879
-0.043801,0.058138,0.160884
0.053706,0.056320,0.227649
-0.096903,0.024053,0.257618
0.012671,-0.004429,0.280324
-0.033026,-0.124005,-0.095789
0.070431,0.052879,0.041666
-0.091933,-0.055670,0.132777
0.058962,-0.113307,0.162348
0.082690,0.021950,0.309833
0.104074,0.021741,0.305263
0.079751,0.011715,0.318553
0.091626,0.022361,0.319461
0.073108,0.009535,0.299123
0.090899,0.014144,0.286691
0.067287,0.004212,0.303818
0.073856,0.011152,0.305961
-0.129455,-0.074237,0.408529
-0.069637,-0.004625,0.486050
-0.202576,-0.120103,0.513893
-0.107578,-0.095179,0.569416
0.039740,-0.190814,0.338740
0.033073,-0.094186,0.433085
-0.121150,-0.241461,0.404375
-0.007881,-0.288685,0.538576
0.032243,0.065909,0.397737
0.032028,0.067470,0.404119
0.049548,0.066204,0.414094
0.033296,0.070408,0.386437
0.066193,0.060763,0.352452
0.073810,0.060517,0.353971
0.077546,0.053870,0.354217
0.068816,0.064327,0.359807
-0.030634,0.081791,0.313821
-0.080456,0.123821,0.306226
-0.012589,0.101281,0.312152
-0.056086,0.082999,0.256512
0.038697,0.082782,0.349074
0.047028,0.089644,0.334214
0.029533,0.077906,0.345574
0.052436,0.083035,0.350740
0.078503,0.081949,0.397165
0.080234,0.090013,0.394950
0.083473,0.087871,0.410136
0.077176,0.089371,0.392532
0.072320,0.072599,0.350735
0.080637,0.088247,0.346100
0.073428,0.073973,0.353500
0.073270,0.076744,0.356436
-0.030079,0.044536,0.300627
-0.021498,0.056498,0.252778
-0.045023,0.025233,0.296408
-0.000179,0.035691,0.310464
-0.069901,0.032199,0.384393
-0.127699,0.044300,0.384330
-0.037006,0.026638,0.367955
-0.071619,0.033155,0.356944
0.042423,0.047294,0.348890
0.060022,0.057400,0.340222
0.046259,0.049135,0.353063
0.048719,0.052144,0.345764
0.054700,0.030086,0.313191
0.075411,0.036448,0.300427
0.049881,0.030516,0.311667
0.063098,0.030137,0.311906
0.018659,0.071649,0.321668
0.041439,0.082189,0.322368
0.002817,0.071626,0.338370
0.033866,0.075129,0.339468
0.044044,0.054346,0.303161
0.066065,0.060520,0.300447
0.038888,0.055792,0.319518
0.059943,0.053758,0.320037
0.058295,0.024565,0.310924
0.026592,0.052048,0.289109
0.014665,0.037170,0.316185
0.073968,0.000506,0.327537
0.078958,0.034149,0.244141
0.054799,0.054963,0.244822
0.095015,0.033575,0.198887
0.053511,0.050389,0.214437
0.041219,0.107148,0.374349
0.059116,0.112965,0.383010
0.037015,0.106922,0.390359
0.055921,0.111811,0.389466
0.064510,0.089815,0.326880
0.077568,0.109285,0.348282
0.052578,0.098616,0.365972
0.059485,0.101935,0.361525
0.131772,0.065294,0.076455
0.269624,0.066841,0.104240
0.043806,0.042564,0.119741
0.153319,0.006150,0.191716
0.124654,0.023051,-0.168267
0.206712,0.054589,-0.035934
0.075743,0.060048,-0.015530
0.123110,-0.067409,-0.006867
0.026757,0.057779,0.342962
0.044493,0.062282,0.333638
0.020298,0.057511,0.355253
0.042323,0.061948,0.347263
0.051324,0.058517,0.291787
0.076091,0.061800,0.289931
0.039464,0.057546,0.312705
0.050078,0.054744,0.308788
0.077887,0.032132,0.304358
0.058311,0.042186,0.296347
0.075896,0.025500,0.301134
0.089794,-0.004271,0.319112
0.099264,0.022409,0.215327
0.193854,0.021881,0.222128
0.077961,0.035997,0.272990
0.153228,0.007721,0.295115
0.070895,0.071408,0.339107
0.076934,0.075776,0.352951
0.071113,0.067783,0.346315
0.069736,0.071080,0.346859
0.050477,0.023301,0.342162
0.030133,0.036931,0.308295
0.079111,0.033861,0.306418
0.037141,0.038546,0.295507
-0.053160,0.074282,0.369147
-0.083580,0.070749,0.348759
-0.035083,0.068888,0.348919
-0.050926,0.073299,0.354614
-0.013647,0.059118,0.298562
0.024462,0.064740,0.301407
-0.019317,0.056920,0.324415
0.005375,0.073938,0.331812
0.001951,0.043877,0.372176
0.011915,0.046420,0.357713
0.011840,0.034533,0.365978
0.008334,0.042938,0.361559
-0.033279,0.024107,0.367214
-0.006725,0.016272,0.336806
-0.025040,0.016870,0.347822
-0.018916,0.026844,0.338964
0.012616,0.109670,0.358833
0.021778,0.108708,0.331251
0.003371,0.103307,0.358042
0.019895,0.115094,0.354997
0.020618,0.098513,0.351425
-0.004815,0.122111,0.380879
0.050066,0.099410,0.422327
0.013417,0.074216,0.386441
0.049711,0.051799,0.394698
0.066680,0.060971,0.390513
0.050472,0.047290,0.393389
0.051695,0.061028,0.392432
0.055266,0.098425,0.437921
0.025489,0.125884,0.414495
0.084454,0.108205,0.399188
0.043007,0.095122,0.385827
0.038951,0.077517,0.342130
0.043081,0.091188,0.337862
0.025352,0.074180,0.352669
0.044784,0.075211,0.351496
0.055219,0.069395,0.375445
0.030930,0.062717,0.384952
0.065508,0.067485,0.359837
0.039736,0.071466,0.358767
0.078263,0.097302,0.315568
0.094515,0.088639,0.288415
0.026314,0.093658,0.312245
0.108798,0.094577,0.325118
0.084549,0.067485,0.288438
0.111878,0.070902,0.301651
0.080638,0.059056,0.298612
0.093633,0.069837,0.313049
0.040967,0.030534,0.373764
0.049722,0.037958,0.378286
0.034722,0.029722,0.393402
0.051770,0.024994,0.376828
0.034902,0.022797,0.383561
0.053615,0.031871,0.361623
0.036091,0.021385,0.371132
0.040905,0.025173,0.377052
0.036761,0.079351,0.319674
0.052316,0.087703,0.319688
0.025927,0.081221,0.337802
0.045834,0.082963,0.337162
0.055268,0.074100,0.280697
0.072395,0.083147,0.287534
0.029170,0.075051,0.322244
0.071759,0.077748,0.307487
0.054517,0.042883,0.368430
0.063136,0.047911,0.374218
0.039751,0.046023,0.366041
0.051919,0.047835,0.368728
0.078328,0.063312,0.319545
0.075301,0.073691,0.318296
0.067512,0.061739,0.322837
0.070474,0.067692,0.326105
0.030305,0.050792,0.212168
0.047619,0.101667,0.284299
-0.044507,0.053931,0.290162
0.031351,0.029683,0.328737
0.005325,0.081223,0.332027
0.027932,0.093777,0.328760
-0.026132,0.086667,0.333717
0.001890,0.082971,0.356964
0.066349,0.075248,0.373805
0.069299,0.078742,0.382759
0.070824,0.073586,0.387643
0.065557,0.076400,0.381068
0.068494,0.049705,0.315569
0.075609,0.058323,0.318740
0.058275,0.050682,0.320668
0.067513,0.052948,0.322337
0.064604,0.040647,0.404314
0.054964,0.049445,0.411999
0.069748,0.027513,0.388445
0.054728,0.051070,0.396050
0.094107,0.042219,0.445707
0.088625,0.026602,0.423685
0.133695,0.033308,0.398663
0.090006,0.044046,0.390009
0.038855,0.079507,0.334690
0.050509,0.084688,0.330879
0.035929,0.077558,0.343983
0.047622,0.081071,0.344427
0.058595,0.058561,0.293044
0.077091,0.067210,0.293909
0.052204,0.059260,0.309786
0.069152,0.059818,0.312449
0.062029,0.052523,0.205879
0.026765,0.051760,0.197987
0.039964,0.052816,0.249668
0.067837,0.058519,0.237680
0.097859,0.075433,0.353844
0.068015,0.053178,0.305772
0.111093,0.064511,0.290511
0.073731,0.076550,0.278634
