-0.394811,0.032049,0.050843
-0.385675,0.039483,0.042883
-0.420545,0.043120,0.050647
-0.407678,0.040001,0.044713
-0.421326,0.081992,-0.014008
-0.409951,0.083730,-0.018727
-0.443719,0.088354,-0.014019
-0.431128,0.084347,-0.016827
-0.589644,0.233446,0.025892
-0.588554,0.248361,0.020781
-0.598429,0.258119,0.026258
-0.597835,0.247142,0.024432
-0.627191,0.233275,0.038478
-0.617865,0.265764,0.036193
-0.624567,0.285438,0.042364
-0.627545,0.263563,0.038416
-0.398984,0.094129,0.014990
-0.384821,0.105992,0.011793
-0.413475,0.122530,0.014552
-0.403797,0.107864,0.013960
-0.473218,0.126846,0.009829
-0.470475,0.129247,-0.001707
-0.481068,0.134876,0.016431
-0.479976,0.128146,0.005116
-0.160168,0.081451,0.059732
-0.124694,0.087223,0.049950
-0.212366,0.090423,0.051824
-0.186471,0.077694,0.032255
-0.168351,0.091720,0.013471
-0.162153,0.093216,-0.015357
-0.204394,0.099540,0.011399
-0.197990,0.091523,-0.011036
-0.207555,0.046842,-0.050890
-0.201292,0.049010,-0.059452
-0.219041,0.052027,-0.046474
-0.215582,0.046512,-0.051951
-0.202667,0.032304,-0.048155
-0.194785,0.031148,-0.057531
-0.224689,0.030228,-0.049058
-0.220314,0.027670,-0.054756
-0.522329,0.096945,0.018901
-0.504309,0.108963,-0.006366
-0.566383,0.116084,0.020002
-0.547367,0.103791,-0.001717
-0.585955,0.113276,0.010583
-0.580651,0.120494,-0.004155
-0.612209,0.123367,0.011818
-0.603380,0.121011,-0.002121
-0.563755,0.041064,0.022419
-0.553829,0.042989,-0.036747
-0.592893,0.055092,0.046127
-0.590459,0.049906,-0.007007
-0.603956,0.055652,0.006001
-0.603425,0.058819,-0.002586
-0.609007,0.065591,0.010962
-0.609295,0.058515,-0.000536
-0.572854,0.066350,0.037934
-0.574839,0.072631,0.020675
-0.588037,0.080543,0.039372
-0.587693,0.071160,0.024972
-0.598081,0.082270,0.030334
-0.592345,0.097247,0.017570
-0.595823,0.113592,0.041539
-0.598998,0.097595,0.023135
-0.605157,0.191470,0.008575
-0.588169,0.220243,0.013111
-0.606131,0.241972,0.010238
-0.602484,0.218392,0.012661
-0.623333,0.217362,0.008462
-0.612626,0.241037,0.005979
-0.618913,0.260140,0.010534
-0.623539,0.238715,0.007146
-0.383362,0.088321,0.005356
-0.380919,0.089877,-0.014179
-0.408849,0.094009,0.006672
-0.403067,0.089176,-0.007997
-0.383241,0.038232,-0.056098
-0.350325,0.038397,-0.061571
-0.432866,0.043064,-0.059649
-0.397026,0.037793,-0.061504
-0.271826,0.032036,-0.057083
-0.255917,0.037306,-0.053013
-0.288190,0.044941,-0.057447
-0.275032,0.035364,-0.050200
-0.250233,0.063352,-0.045920
-0.237833,0.069207,-0.042906
-0.268046,0.069816,-0.046353
-0.260202,0.062532,-0.041151
-0.034658,0.112214,0.041230
-0.038787,0.117762,-0.024573
-0.110383,0.120949,0.030663
-0.099770,0.114680,-0.017048
-0.149515,0.091662,-0.004047
-0.130928,0.091882,-0.022752
-0.187340,0.100585,-0.002110
-0.170360,0.088405,-0.019858
-0.399248,-0.003396,-0.033366
-0.380319,-0.000755,-0.051802
-0.451512,0.003892,-0.035765
-0.427045,0.001313,-0.053868
-0.446012,0.044311,-0.058856
-0.407712,0.049256,-0.060030
-0.503090,0.051819,-0.066927
-0.468047,0.043193,-0.067661
-0.605576,0.006549,0.011091
-0.582288,0.025401,-0.027172
-0.625440,0.042513,0.034446
-0.613916,0.044671,-0.011320
-0.648225,0.037751,-0.055356
-0.621314,0.054806,-0.096533
-0.655986,0.067723,-0.012643
-0.647317,0.067697,-0.128685
-0.316581,-0.034903,-0.022754
-0.309779,-0.032734,-0.023535
-0.325605,-0.025560,-0.022129
-0.320017,-0.033482,-0.023019
-0.350755,-0.013050,-0.037933
-0.333977,-0.010271,-0.037259
-0.373364,-0.005847,-0.038995
-0.357242,-0.010505,-0.037552
-0.336313,0.058173,-0.008287
-0.302747,0.060987,-0.055791
-0.381502,0.066265,0.013412
-0.362394,0.060798,-0.040686
-0.317043,0.083812,-0.019977
-0.296516,0.086566,-0.023585
-0.351736,0.092223,-0.024781
-0.330721,0.087602,-0.026406
-0.519571,0.047714,0.044618
-0.520016,0.046048,-0.021496
-0.573712,0.056749,0.052289
-0.567289,0.049485,0.003968
-0.577694,0.049117,0.007679
-0.555032,0.057597,0.003129
-0.611727,0.064284,0.006341
-0.590358,0.060020,-0.003936
-0.152696,0.053987,0.057698
-0.123378,0.063334,0.057596
-0.184656,0.070796,0.053055
-0.164711,0.059135,0.056008
-0.109205,-0.005989,0.094462
-0.099808,0.036440,0.071314
-0.162531,0.031287,0.077144
-0.148546,0.031518,0.058110
-0.159428,0.078338,0.036065
-0.149949,0.077399,0.019477
-0.180353,0.085691,0.037441
-0.176201,0.076285,0.024693
-0.137991,0.081033,-0.011607
-0.129025,0.082489,-0.046184
-0.190012,0.086429,-0.013545
-0.175596,0.080110,-0.037536
-0.495374,0.058769,0.057613
-0.466073,0.058841,0.026242
-0.566675,0.068260,0.052319
-0.531978,0.058708,0.018582
-0.590412,0.051304,0.023913
-0.587944,0.053141,0.018294
-0.599256,0.059417,0.025716
-0.596197,0.052852,0.022911
-0.612611,0.209449,0.005930
-0.605741,0.238813,0.004699
-0.606086,0.270077,0.011271
-0.613212,0.236665,0.008513
-0.646550,0.212514,-0.002856
-0.609621,0.264615,0.008353
-0.666323,0.284417,-0.011050
-0.643419,0.266900,-0.006308
-0.591928,0.045224,-0.001991
-0.590954,0.053959,-0.008560
-0.593580,0.060980,0.003575
-0.595135,0.049608,-0.001407
-0.614361,0.059564,-0.013580
-0.608425,0.073341,-0.014923
-0.618395,0.080797,-0.007595
-0.616381,0.067326,-0.013132
-0.600436,0.238041,0.011049
-0.598089,0.239323,0.009018
-0.604894,0.244333,0.013225
-0.602530,0.238464,0.012341
-0.622005,0.232828,0.006505
-0.620142,0.240512,0.006081
-0.621037,0.251232,0.009850
-0.621286,0.239020,0.009343
-0.524325,0.034230,0.091761
-0.496271,0.036345,0.010992
-0.544377,0.045292,0.169789
-0.534703,0.035934,0.017111
-0.588633,0.033003,-0.037386
-0.587280,0.033425,-0.054525
-0.597214,0.041211,-0.029682
-0.600079,0.034026,-0.053031
-0.539116,0.162837,0.014607
-0.535128,0.171706,0.015580
-0.538288,0.183139,0.018029
-0.536940,0.171824,0.019259
-0.546787,0.121277,0.007345
-0.502732,0.154735,0.011466
-0.577154,0.175260,0.009405
-0.564902,0.132069,0.006021
-0.601718,0.051871,0.044686
-0.600565,0.062003,0.035675
-0.602579,0.074007,0.051043
-0.604852,0.059961,0.044777
-0.619049,0.053520,0.019503
-0.619622,0.065970,0.012022
-0.621757,0.076290,0.026631
-0.622652,0.063903,0.012715
-0.579010,0.275947,0.017846
-0.574766,0.277471,0.010535
-0.591992,0.282377,0.017981
-0.588430,0.276230,0.014305
-0.612393,0.283075,0.008347
-0.612279,0.292018,0.007169
-0.612316,0.302478,0.011767
-0.612314,0.291075,0.008297
-0.485923,0.113642,0.014093
-0.454989,0.124767,0.018763
-0.520735,0.137209,0.009814
-0.493896,0.123670,0.013479
-0.530939,0.132657,0.007829
-0.500228,0.167058,0.015904
-0.545959,0.186499,0.009107
-0.522517,0.177899,0.014939
-0.346841,-0.024585,0.016451
-0.339940,-0.024691,-0.006587
-0.383539,-0.016331,0.015934
-0.373048,-0.024237,-0.002882
-0.393310,-0.013805,0.009402
-0.383181,-0.012583,-0.004568
-0.415152,-0.003509,0.011405
-0.408440,-0.012212,-0.005995
-0.535352,0.220008,0.009050
-0.532352,0.222766,0.000098
-0.550475,0.228807,0.009253
-0.546287,0.222648,0.001727
-0.586116,0.252571,-0.002202
-0.573050,0.281770,-0.001964
-0.581833,0.309397,-0.000122
-0.584356,0.281075,-0.000534
-0.478219,0.028777,0.088952
-0.468066,0.031334,0.066405
-0.507588,0.039295,0.094951
-0.496213,0.032528,0.076218
-0.482106,0.017554,0.008555
-0.480446,0.019282,-0.039632
-0.523661,0.024728,0.019207
-0.519984,0.019849,-0.019427
-0.207135,-0.066143,0.037605
-0.184557,-0.067170,0.024986
-0.242902,-0.054452,0.037950
-0.222040,-0.066076,0.027371
-0.144626,-0.055731,0.000074
-0.133238,-0.059325,-0.041525
-0.199249,-0.048635,-0.001114
-0.181005,-0.058143,-0.032948
-0.234967,0.081785,0.048777
-0.225274,0.085488,0.040513
-0.259357,0.092474,0.046566
-0.248453,0.085752,0.043089
-0.256390,0.071829,0.060473
-0.236102,0.074872,0.054190
-0.293840,0.079347,0.056928
-0.271670,0.075098,0.054958
-0.460792,0.081792,-0.012604
-0.455452,0.083506,-0.019728
-0.468838,0.087309,-0.009736
-0.466823,0.082600,-0.016588
-0.438731,0.115948,-0.004885
-0.426138,0.123375,-0.003689
-0.455747,0.129209,-0.004894
-0.445172,0.120585,-0.004829
-0.277239,-0.062822,0.031887
-0.276501,-0.063149,0.011537
-0.299251,-0.055298,0.030571
-0.296596,-0.061965,0.018580
-0.285309,-0.046074,-0.002902
-0.268685,-0.044166,-0.009819
-0.313198,-0.036750,-0.002840
-0.297095,-0.043592,-0.008720
-0.124600,0.025535,0.035063
-0.099889,0.058775,0.032801
-0.177482,0.049860,0.029045
-0.148281,0.059576,0.008681
-0.152037,0.088854,-0.001251
-0.134625,0.089739,-0.011217
-0.187571,0.089662,-0.002306
-0.170545,0.087455,-0.009751
-0.593663,0.042251,0.011945
-0.591291,0.049700,-0.002827
-0.600857,0.056127,0.020885
-0.600819,0.047557,0.003213
-0.605162,0.060245,0.002568
-0.604781,0.060496,-0.003051
-0.608453,0.065221,0.006786
-0.608009,0.059212,0.005187
-0.408158,-0.036806,0.030001
-0.384489,-0.037111,0.020218
-0.445453,-0.027733,0.026232
-0.425561,-0.036788,0.014789
-0.506773,-0.009013,0.009522
-0.485630,-0.002679,0.005644
-0.522766,0.005397,0.014175
-0.510651,-0.000347,-0.004741
-0.173581,0.057083,0.043133
-0.172904,0.058083,0.028733
-0.179142,0.061921,0.052789
-0.179272,0.057076,0.042127
-0.195516,0.004093,0.072165
-0.159565,0.035322,0.080624
-0.232105,0.049512,0.067997
-0.204223,0.029205,0.076099
-0.328392,0.103406,0.013867
-0.313113,0.104779,-0.000979
-0.359170,0.106839,0.014781
-0.348140,0.101558,-0.006038
-0.364908,0.101744,-0.013652
-0.352724,0.102283,-0.022225
-0.381011,0.116885,-0.010846
-0.374995,0.101427,-0.025189
-0.390052,0.041354,0.041089
-0.384203,0.042132,0.033787
-0.400079,0.045552,0.043764
-0.397764,0.040934,0.034496
-0.352580,0.053764,0.029992
-0.335778,0.056283,0.031986
-0.383214,0.062950,0.025428
-0.363687,0.057731,0.029562
-0.273353,-0.029773,-0.015640
-0.265640,-0.007667,-0.042645
-0.318760,0.007419,-0.020158
-0.301771,0.003493,-0.037471
-0.336057,-0.016864,-0.011404
-0.311386,-0.000111,-0.017443
-0.372481,0.002490,-0.005668
-0.340575,0.010754,-0.013780
-0.579103,0.039594,0.024392
-0.570785,0.045878,0.002934
-0.606970,0.052078,0.027989
-0.599271,0.045474,0.000905
-0.511914,0.014797,0.014046
-0.487981,0.021972,-0.029671
-0.574420,0.032662,0.018365
-0.543524,0.032159,-0.022340
-0.146093,0.015859,0.083101
-0.117866,0.018247,0.055282
-0.216041,0.020936,0.080205
-0.183502,0.011744,0.058187
-0.218383,-0.002363,0.065391
-0.202483,-0.000834,0.056877
-0.252181,0.006637,0.063781
-0.234091,0.001058,0.055991
-0.181085,-0.021035,-0.035911
-0.146561,-0.012618,-0.046104
-0.244295,-0.009434,-0.042890
-0.204033,-0.009367,-0.051052
-0.264495,0.034818,-0.045579
-0.244917,0.035193,-0.053201
-0.297864,0.041184,-0.044417
-0.278954,0.036397,-0.056578
-0.472243,0.108984,0.010275
-0.468135,0.116306,-0.010408
-0.484504,0.131627,0.019182
-0.485150,0.115502,-0.001068
-0.457681,0.102854,0.020598
-0.449244,0.113762,0.010090
-0.471357,0.129783,0.022925
-0.465142,0.114695,0.014230
-0.174903,-0.008400,0.055697
-0.155963,-0.011363,-0.033450
-0.240693,0.003650,0.079541
-0.226761,-0.010457,0.001162
-0.170221,0.094795,0.021443
-0.167189,0.094272,-0.007993
-0.207173,0.098897,0.021894
-0.200713,0.093619,-0.003100
-0.352320,-0.037380,0.051052
-0.321981,-0.023124,0.053765
-0.381947,-0.007318,0.049804
-0.354780,-0.020288,0.053939
-0.321826,0.010655,0.049227
-0.298150,0.022119,0.052412
-0.356830,0.028635,0.046980
-0.329002,0.030048,0.050304
-0.302599,-0.047555,-0.015828
-0.297356,-0.046402,-0.019114
-0.310348,-0.039781,-0.012391
-0.304558,-0.046130,-0.013432
-0.341249,-0.041204,0.001722
-0.336884,-0.039101,-0.007875
-0.356104,-0.032727,0.002745
-0.351461,-0.039238,-0.002864
-0.577354,0.055554,0.093676
-0.568948,0.064744,0.038955
-0.608298,0.076599,0.114199
-0.612380,0.062172,0.059698
-0.606909,0.080682,0.206622
-0.592369,0.085955,0.176994
-0.627148,0.098164,0.224117
-0.623837,0.086939,0.176412
-0.572755,0.048882,-0.016754
-0.573947,0.050850,-0.050758
-0.587233,0.053587,-0.000037
-0.590048,0.049649,-0.036970
-0.589322,0.067454,-0.084768
-0.589015,0.071074,-0.086964
-0.585555,0.074732,-0.072590
-0.585387,0.068538,-0.097222
-0.254180,-0.049465,0.040178
-0.244637,-0.045472,0.034189
-0.267271,-0.035131,0.041527
-0.261983,-0.046517,0.036764
-0.244710,-0.061828,0.042157
-0.245896,-0.058119,0.000947
-0.277153,-0.050533,0.049496
-0.273375,-0.057218,0.010340
-0.500735,0.114441,0.013804
-0.479244,0.121156,0.001034
-0.563457,0.125603,0.006358
-0.531647,0.116296,-0.000194
-0.594896,0.129983,-0.016554
-0.566663,0.182924,-0.003262
-0.604827,0.217237,-0.016788
-0.586089,0.196648,-0.008882
-0.237981,-0.019397,0.062463
-0.224984,-0.019241,0.059620
-0.262060,-0.015294,0.062239
-0.247542,-0.019570,0.062895
-0.255161,0.087258,0.003497
-0.229164,0.089487,-0.010568
-0.314345,0.093494,-0.004145
-0.282066,0.088551,-0.014574
-0.594439,0.069081,-0.182527
-0.564627,0.083515,-0.231501
-0.621791,0.083933,-0.178513
-0.634016,0.073942,-0.245932
-0.582149,0.077302,-0.126649
-0.580095,0.080534,-0.185858
-0.624570,0.083898,-0.108408
-0.622084,0.080467,-0.155744
-0.185870,-0.033263,-0.053718
-0.153385,0.017134,-0.047806
-0.197464,0.064190,-0.048318
-0.204069,-0.004816,-0.056197
-0.124836,-0.014116,-0.010518
-0.107517,0.005803,-0.033477
-0.152402,0.033642,-0.003215
-0.153993,-0.005775,-0.027902
-0.243253,-0.023258,-0.023026
-0.225951,-0.021082,-0.025103
-0.270147,-0.018243,-0.024545
-0.253451,-0.021064,-0.023617
-0.233618,-0.030419,-0.023017
-0.235596,-0.031049,-0.022593
-0.234285,-0.027280,-0.022574
-0.233954,-0.029847,-0.019478
-0.566103,0.178792,0.007664
-0.533390,0.214247,0.015172
-0.561945,0.254129,0.013136
-0.559815,0.211540,0.015528
-0.619421,0.214523,-0.004239
-0.543553,0.255532,0.005885
-0.619661,0.299731,-0.006191
-0.577546,0.296098,-0.001600
-0.434369,0.076357,0.039306
-0.393494,0.082096,0.032276
-0.495261,0.088651,0.033951
-0.455385,0.081059,0.023838
-0.483930,0.094831,0.012687
-0.444456,0.112751,0.020591
-0.516355,0.131769,0.009803
-0.483001,0.117533,0.015809
-0.444288,0.002513,0.053887
-0.422209,0.075759,0.004985
-0.517326,0.087891,0.052149
-0.491632,0.088255,-0.027108
-0.528530,0.059619,-0.045174
-0.528205,0.062032,-0.052621
-0.544307,0.068581,-0.049562
-0.540793,0.063477,-0.060199
-0.235945,0.074917,0.042269
-0.231914,0.076364,0.022492
-0.268316,0.080601,0.040400
-0.260085,0.075324,0.028223
-0.301117,0.086029,0.017062
-0.288186,0.087607,0.006215
-0.327160,0.094737,0.018712
-0.314332,0.087693,0.012615
-0.123303,-0.026269,0.053683
-0.127131,-0.020089,-0.069445
-0.227325,-0.006456,0.053040
-0.213345,-0.018548,-0.060286
-0.193436,0.028482,0.045477
-0.187181,0.028975,-0.037759
-0.266156,0.037491,0.054515
-0.257023,0.027294,-0.044736
-0.566366,0.066802,0.135042
-0.551868,0.066727,0.085798
-0.611010,0.077999,0.146967
-0.594963,0.068911,0.112691
-0.626905,0.045422,-0.001181
-0.622823,0.051924,-0.025997
-0.635836,0.061229,0.009968
-0.637915,0.051366,-0.010579
-0.386805,0.102666,0.043382
-0.373515,0.108537,0.025882
-0.420813,0.113657,0.044310
-0.407500,0.108523,0.019067
-0.444018,0.083018,0.039467
-0.440084,0.084397,-0.012229
-0.452509,0.088071,0.074304
-0.459827,0.084391,0.008223
