-0.038277,0.077091,0.138792
0.002833,0.038394,0.138190
-0.010586,0.073551,0.089138
-0.053689,0.034971,0.081705
-0.044057,0.096214,0.142776
0.008263,0.059898,0.130054
-0.015306,0.102783,0.079747
-0.064735,0.049882,0.089897
-0.012001,0.020639,0.140737
0.044514,-0.009099,0.125040
0.026065,0.025940,0.075665
-0.028715,-0.009910,0.055500
0.007897,0.066542,0.086343
0.053981,0.034954,0.078663
0.024630,0.071379,0.025001
-0.012736,0.030516,0.018653
0.055097,0.031307,0.166793
0.103102,0.000099,0.156114
0.088271,0.027548,0.117678
0.044273,-0.006754,0.109717
0.056055,0.061792,0.170393
0.105199,0.029703,0.166292
0.076105,0.067389,0.115420
0.039871,0.023023,0.108301
-0.037203,0.078279,0.132905
0.037367,0.036471,0.121100
0.005041,0.083642,0.069962
-0.035448,0.044427,0.047584
-0.023812,0.113647,0.097448
0.048750,0.055966,0.069842
0.016958,0.129078,0.017059
-0.039226,0.072763,0.000991
0.028768,0.128482,0.266645
0.124297,0.019538,0.197078
0.080651,0.086556,0.123796
0.025531,0.031186,0.115557
0.097530,0.231240,0.155978
0.188713,0.111698,0.135917
0.184825,0.235389,0.048854
0.074589,0.119939,0.064989
-0.081000,-0.218809,0.284765
0.069957,-0.399748,0.223139
0.026270,-0.216750,0.119764
-0.110754,-0.355554,0.051880
0.022916,0.002647,0.146678
0.085318,-0.059798,0.145641
0.064804,-0.011192,0.064370
0.015176,-0.064883,0.044423
0.010183,0.002927,0.174908
0.054449,-0.019032,0.168900
0.033589,0.003385,0.120159
-0.001639,-0.021593,0.123749
0.024742,0.046720,0.167367
0.054998,0.030520,0.163200
0.036640,0.047641,0.112370
-0.002680,0.023371,0.125440
-0.028103,0.004441,0.143811
0.014837,-0.034700,0.128482
-0.007513,-0.000252,0.077067
-0.050261,-0.039769,0.072156
-0.042012,0.062085,0.126096
0.018641,0.023619,0.113012
-0.010530,0.062365,0.062628
-0.056428,0.020424,0.067500
0.118439,-0.049552,0.270627
0.328534,-0.239548,0.235628
0.234579,-0.062602,0.155319
0.114913,-0.182946,0.137187
0.102245,0.052283,0.140804
0.216430,-0.005097,0.086905
0.150515,0.058817,0.045206
0.079296,0.024697,0.034606
0.019309,-0.043615,0.008546
0.226846,-0.233293,-0.075216
0.130718,-0.038905,-0.122682
0.033212,-0.156066,-0.113490
0.079037,0.114714,-0.088025
0.256272,-0.070186,-0.159788
0.215516,0.076853,-0.259474
0.076055,-0.028486,-0.243831
-0.069693,0.079473,0.186028
-0.010466,0.024619,0.170323
-0.036099,0.079482,0.111360
-0.088110,0.024947,0.097152
-0.059854,0.108463,0.166117
0.019186,0.080347,0.144656
-0.026494,0.119416,0.100736
-0.065323,0.080889,0.095215
-0.066186,0.044600,0.198058
-0.013354,0.015719,0.196892
-0.041008,0.052356,0.148344
-0.086117,0.010813,0.134161
-0.072589,0.088742,0.188266
-0.026494,0.055997,0.189155
-0.038895,0.084513,0.126071
-0.081979,0.045096,0.138125
-0.102864,0.039874,0.152285
-0.055772,-0.001303,0.151976
-0.072612,0.036529,0.088979
-0.112951,-0.004706,0.095843
-0.099364,0.071497,0.154053
-0.054670,0.029770,0.145563
-0.069048,0.068457,0.094124
-0.112947,0.021274,0.102625
-0.044010,0.074675,0.151915
0.001058,0.049403,0.145865
-0.026503,0.081873,0.105351
-0.058490,0.046690,0.103943
-0.017453,0.082560,0.152838
0.022600,0.053151,0.147002
0.004305,0.084153,0.093750
-0.036071,0.054828,0.106054
-0.028340,0.046083,0.147857
0.022067,0.011703,0.132483
0.002593,0.045744,0.094514
-0.049715,-0.000868,0.087586
-0.008480,0.064249,0.080528
0.034046,0.042704,0.075425
0.016869,0.074870,0.036791
-0.025525,0.049209,0.026513
0.009938,0.067880,0.181771
0.053623,0.057501,0.173074
0.033741,0.072813,0.130647
-0.003212,0.058786,0.136107
0.022202,0.084050,0.145871
0.069665,0.063521,0.142831
0.039794,0.093296,0.102715
-0.002470,0.064693,0.096197
0.006498,0.092506,0.127353
0.061078,0.051055,0.114486
0.033224,0.091055,0.059937
0.000332,0.048432,0.069922
-0.009255,0.181752,0.127852
0.064306,0.098101,0.110104
0.040989,0.168197,0.046932
-0.012849,0.100000,0.053656
-0.023353,0.029887,0.207145
0.010294,0.005823,0.189202
-0.007322,0.031960,0.141144
-0.038695,-0.002733,0.142446
-0.000578,0.089880,0.161850
0.038775,0.056651,0.160168
0.024745,0.090923,0.104051
-0.015531,0.058446,0.110788
-0.001452,0.000843,0.196540
0.042549,-0.042098,0.195439
0.021744,0.002715,0.133076
-0.014013,-0.041296,0.133591
-0.015615,0.053111,0.224048
0.052503,-0.019260,0.210703
0.023627,0.041601,0.150830
-0.030928,-0.020441,0.161166
-0.027242,0.029929,0.211628
0.078759,-0.086872,0.193222
0.043667,0.026479,0.131223
-0.074033,-0.083937,0.070870
-0.024248,0.122916,0.154639
0.056533,0.056606,0.143185
0.028516,0.139312,0.075294
-0.063140,0.076684,0.040290
0.048344,0.038731,0.172509
0.098845,0.000100,0.164746
0.071048,0.037709,0.108804
0.034983,-0.008816,0.110524
0.037995,0.080029,0.171911
0.085629,0.042986,0.161568
0.071949,0.079576,0.100879
0.018180,0.035521,0.109916
-0.008982,0.027378,0.118375
0.038585,-0.003170,0.103312
0.020948,0.033405,0.047271
-0.027745,0.000524,0.043278
0.014161,0.065676,0.095399
0.063928,0.038864,0.078334
0.052578,0.079524,0.016486
-0.014087,0.045203,0.028601
-0.016208,0.066759,0.194700
0.037738,0.040266,0.190313
0.009349,0.074182,0.139683
-0.034633,0.036485,0.141607
0.003380,0.087397,0.184333
0.045660,0.066496,0.173099
0.020371,0.094852,0.122627
-0.017590,0.063427,0.117901
-0.054849,0.024614,0.186890
-0.008321,0.004941,0.166211
-0.027650,0.049544,0.110258
-0.089643,0.013266,0.093062
-0.040874,0.057276,0.160973
0.003628,0.026479,0.144346
-0.015785,0.056703,0.102940
-0.058124,0.026213,0.099798
-0.175886,0.061151,0.317404
-0.060203,-0.001829,0.254234
-0.092114,0.056298,0.186898
-0.170531,-0.000192,0.171833
-0.052090,0.111109,0.213297
-0.001022,0.047652,0.198024
-0.020994,0.105884,0.122748
-0.075229,0.042165,0.136375
0.005995,0.082246,0.120634
0.048247,0.053763,0.132643
0.022495,0.086279,0.091370
-0.005763,0.054209,0.085456
0.002407,0.083453,0.148613
0.047916,0.055884,0.129608
0.029525,0.084546,0.091078
-0.016218,0.055045,0.092886
-0.047942,0.031655,0.193752
-0.005882,0.007327,0.177730
-0.035132,0.033833,0.142361
-0.070466,0.001591,0.133981
-0.066815,0.128873,0.193146
0.012362,0.035609,0.175360
-0.013740,0.110188,0.106155
-0.068831,0.044830,0.124456
-0.038213,0.051810,0.168251
-0.002450,0.034092,0.161319
-0.019060,0.064365,0.128090
-0.060449,0.038225,0.106798
-0.034492,0.117290,0.158515
0.001125,0.079813,0.153702
-0.023637,0.115824,0.093011
-0.055810,0.074394,0.097556
-0.071770,0.355294,0.109769
0.088185,0.248472,0.070937
0.043814,0.328143,0.007031
-0.048197,0.260461,-0.003380
-0.037099,0.692412,0.072110
0.133517,0.441235,0.029153
0.089412,0.601879,-0.102209
-0.050673,0.478125,-0.075074
-0.027990,0.083025,0.174801
0.008748,0.058973,0.162248
-0.006085,0.093601,0.107090
-0.050659,0.067931,0.103917
-0.006357,0.119211,0.162505
0.032293,0.085698,0.145726
0.011479,0.122702,0.093606
-0.034822,0.091477,0.096359
-0.028581,0.012400,0.132668
0.008602,-0.010750,0.131912
-0.010364,0.016919,0.079820
-0.052581,-0.015499,0.085295
-0.016104,0.040655,0.135168
0.009843,0.027977,0.130921
-0.006576,0.049290,0.080038
-0.045385,0.025766,0.080576
0.005909,-0.081724,0.180746
0.189456,-0.273584,0.137440
0.116080,-0.077973,0.050879
-0.004225,-0.208482,0.040812
0.023580,0.044304,0.124649
0.117157,-0.005898,0.100761
0.087363,0.051735,0.048970
0.011976,0.003621,0.037312
0.027830,0.063605,0.191160
0.073856,0.031657,0.190987
0.045370,0.065277,0.144683
0.011326,0.028223,0.145748
0.019416,0.099535,0.161832
0.066869,0.067722,0.156620
0.052899,0.092620,0.114154
0.006346,0.066319,0.111914
-0.050415,0.068393,0.172239
-0.013370,0.043091,0.155210
-0.024408,0.076204,0.113538
-0.069718,0.039569,0.114380
-0.029300,0.114917,0.157480
0.014908,0.081215,0.146384
-0.009331,0.117016,0.091338
-0.047809,0.076776,0.095140
-0.044176,0.039389,0.200298
0.001615,0.001074,0.187839
-0.008301,0.043466,0.131953
-0.055605,0.004462,0.140421
-0.022266,0.088095,0.166401
0.017065,0.060824,0.161884
0.005346,0.096294,0.103660
-0.039927,0.053586,0.116728
-0.006122,0.085791,0.153318
0.028889,0.054578,0.160650
0.008954,0.088382,0.093071
-0.026227,0.050933,0.097515
0.005367,0.127521,0.139389
0.035239,0.095917,0.132473
0.020975,0.130503,0.079763
-0.013306,0.090519,0.092555
-0.057220,0.049102,0.224523
0.051151,-0.073464,0.215637
-0.007723,0.046053,0.140162
-0.064075,-0.046695,0.127499
-0.038097,0.116779,0.158101
0.003597,0.089852,0.154092
-0.002283,0.118922,0.096712
-0.049415,0.098577,0.100439
-0.007280,0.024177,0.167747
0.042033,-0.011539,0.160466
0.019387,0.024022,0.109578
-0.031688,-0.017133,0.112931
0.004756,0.069789,0.181131
0.048015,0.036059,0.160705
0.025281,0.073936,0.118583
-0.025710,0.035642,0.118468
-0.112989,0.048686,0.180415
-0.000570,-0.043119,0.136772
-0.029362,0.065567,0.087288
-0.164350,-0.009445,0.055157
-0.038378,0.108598,0.097023
0.082851,0.024993,0.090891
0.044745,0.089855,0.020907
-0.016240,0.032391,0.000045
0.022642,0.001740,0.170415
0.060987,-0.026264,0.166823
0.049926,0.001029,0.117616
-0.001061,-0.034029,0.121325
0.023275,0.023933,0.163731
0.061147,0.009240,0.159731
0.036966,0.029176,0.115099
-0.002684,0.006527,0.118471
-0.048347,0.065862,0.101623
-0.002121,0.032693,0.105720
-0.023424,0.066282,0.054494
-0.058803,0.026100,0.053572
-0.041685,0.079659,0.093691
-0.003955,0.058229,0.073445
-0.023054,0.086727,0.032356
-0.059268,0.050179,0.039962
0.029133,0.058748,0.169764
0.062541,0.041238,0.169333
0.042253,0.068364,0.120621
0.001474,0.039287,0.113465
0.023519,0.064525,0.153609
0.066024,0.041410,0.141066
0.040473,0.076491,0.096390
0.007304,0.041910,0.096304
-0.065017,0.024773,0.165409
-0.008610,-0.010247,0.164121
-0.027549,0.023656,0.115274
-0.085012,-0.016635,0.098193
-0.053787,0.051663,0.143325
-0.008545,0.016744,0.144486
-0.026012,0.051012,0.084346
-0.064723,0.014307,0.079442
0.048963,0.015644,0.305466
0.198423,-0.084052,0.276901
0.104947,0.011671,0.221011
0.034167,-0.056437,0.199339
0.125563,0.123830,0.312991
0.341745,-0.035488,0.296455
0.223975,0.112704,0.203730
0.137667,-0.002337,0.187739
-0.056905,0.056539,0.486468
0.088117,-0.091603,0.396329
0.038400,0.044669,0.301872
-0.060538,-0.055931,0.288979
0.058072,0.195353,0.410995
0.202524,0.051631,0.373943
0.166312,0.174694,0.270761
0.051990,0.062517,0.283082
-0.023004,0.022632,0.201434
0.044661,-0.011664,0.173461
0.026350,0.025131,0.126241
-0.027108,-0.011612,0.117702
0.012566,0.090079,0.137189
0.070085,0.038879,0.133029
0.043587,0.086129,0.081416
0.003177,0.037922,0.084931
-0.148319,-0.025185,0.210480
-0.046897,-0.145901,0.184345
-0.074449,-0.039260,0.089087
-0.206978,-0.159201,0.080902
-0.142465,0.052309,0.163016
-0.024930,-0.015530,0.143812
-0.045283,0.046663,0.080869
-0.124252,-0.004069,0.066572
-0.022882,0.000041,0.170387
0.017330,-0.036018,0.171478
-0.001615,-0.001417,0.113894
-0.044166,-0.038705,0.117731
-0.018411,0.048408,0.169510
0.035750,0.006531,0.157088
0.021633,0.049223,0.105731
-0.024061,0.004671,0.108293
-0.014172,0.070702,0.135485
0.042094,0.041377,0.133102
0.022560,0.077104,0.088285
-0.019491,0.036668,0.085564
-0.011640,0.118001,0.149528
0.033894,0.072917,0.147317
0.007302,0.117807,0.083411
-0.034103,0.072481,0.090136
0.028979,0.054757,0.189383
0.079893,0.034909,0.175374
0.052922,0.064729,0.154090
0.017174,0.041237,0.133251
0.056182,0.060270,0.158007
0.098269,0.031820,0.148084
0.072453,0.079646,0.094296
0.036728,0.042996,0.095515
-0.012609,0.023909,0.178614
0.030136,-0.005100,0.175859
0.000794,0.031224,0.126575
-0.034875,-0.000395,0.107365
-0.007486,0.044254,0.189435
0.035022,0.024501,0.180096
0.006583,0.051661,0.129839
-0.031031,0.025440,0.124296
0.151145,0.077570,0.145042
0.345638,-0.086960,0.102259
0.251089,0.076233,0.023390
0.168631,-0.026581,0.031454
0.321553,0.145966,0.131665
0.586777,-0.018798,0.073517
0.463651,0.144650,0.014594
0.350183,0.011028,0.000386
-0.040111,0.073614,0.302478
0.020500,0.014294,0.277220
0.009992,0.074208,0.211623
-0.055518,0.012670,0.215609
-0.023931,0.137828,0.258855
0.030466,0.067629,0.246730
0.017976,0.119544,0.185773
-0.033493,0.069828,0.195591
-0.022959,0.038798,0.142033
0.031952,0.018443,0.144717
0.006740,0.045267,0.097383
-0.024490,0.025144,0.095227
-0.013772,0.084434,0.129597
0.029946,0.061992,0.102484
0.008900,0.092790,0.067812
-0.037380,0.069971,0.061153
-0.452142,0.076923,0.155953
-0.247766,-0.054240,0.104230
-0.280668,0.060610,0.036672
-0.430266,-0.027613,0.007835
-0.318085,0.244619,0.023794
-0.141088,0.078431,-0.037066
-0.171393,0.230634,-0.151925
-0.345534,0.088989,-0.168030
0.015690,0.026343,0.199776
0.059579,-0.001773,0.200383
0.040486,0.030447,0.148716
0.005200,-0.006646,0.149055
0.007033,0.053158,0.192257
0.049745,0.015897,0.181250
0.040125,0.054571,0.127472
-0.013007,0.022456,0.137251
0.018026,0.056666,0.170610
0.055883,0.041546,0.170583
0.038528,0.064334,0.125828
-0.003741,0.042940,0.129671
-0.010321,0.128610,0.213296
0.067189,0.071282,0.190147
0.033343,0.122042,0.135566
-0.023750,0.068046,0.128536
-0.009479,-0.010077,0.105016
0.053098,-0.057657,0.093257
0.024723,-0.018081,0.039812
-0.019232,-0.059594,0.030519
0.013245,0.020202,0.099352
0.058689,-0.007971,0.088802
0.040828,0.030113,0.031413
-0.004736,-0.001269,0.022861
-0.069156,0.017641,0.239531
-0.016743,-0.025840,0.229994
-0.039217,0.032546,0.175210
-0.099609,-0.017167,0.174855
-0.092898,0.090038,0.211162
-0.023802,0.022626,0.183677
-0.046637,0.084720,0.123526
-0.124337,0.018779,0.131845
-0.058957,0.021590,0.177566
-0.018249,-0.002367,0.164970
-0.031602,0.024044,0.120963
-0.073033,-0.003263,0.125985
-0.041720,0.062110,0.180889
0.015357,0.036058,0.162566
-0.013059,0.063665,0.116695
-0.055081,0.033602,0.125072
-0.024523,0.055155,0.111822
0.020621,0.010485,0.114127
0.005281,0.051525,0.054391
-0.043538,0.015542,0.052092
0.003369,0.080419,0.146007
0.036943,0.075376,0.119083
0.017892,0.089094,0.078643
-0.011651,0.075431,0.085427
0.001720,0.039831,0.137017
0.042761,0.005174,0.133264
0.023235,0.043913,0.078776
-0.014829,0.008052,0.086197
0.015691,0.071096,0.124037
0.069809,0.025048,0.106012
0.039347,0.080004,0.057711
-0.004727,0.031946,0.059378
-0.201463,0.120292,0.360742
-0.072901,0.002073,0.317299
-0.115450,0.131581,0.245700
-0.242492,0.026610,0.208611
-0.114565,0.349034,0.254725
0.012043,0.181734,0.225366
-0.027711,0.306194,0.116375
-0.149467,0.187101,0.117307
-0.022146,0.069902,0.184673
0.021567,0.042317,0.185810
-0.000547,0.080543,0.134190
-0.043311,0.030701,0.124074
-0.019700,0.132256,0.170959
0.016125,0.097370,0.167545
-0.001490,0.132038,0.105880
-0.049878,0.099419,0.116402
