0.077444,-0.068270,-0.149029
0.035574,-0.078984,-0.157146
0.047727,-0.085994,-0.133337
0.058899,-0.070925,-0.136561
0.043810,-0.079405,-0.129998
0.087519,-0.067770,-0.130277
0.064140,-0.072853,-0.149849
0.040563,-0.076527,-0.188535
0.065884,-0.084340,-0.175228
0.083967,-0.061895,-0.180471
0.113825,-0.102212,-0.148514
0.084009,-0.071241,-0.155925
0.075150,-0.077001,-0.206731
0.023739,-0.084870,-0.222337
0.052737,-0.087615,-0.185121
0.058393,-0.079337,-0.191376
0.038894,-0.082632,-0.191674
0.101063,-0.070451,-0.180722
0.066510,-0.081176,-0.210548
0.032301,-0.086398,-0.260850
0.078974,-0.089252,-0.253901
0.083609,-0.057968,-0.235391
0.131243,-0.088424,-0.228663
0.097443,-0.076898,-0.213566
-0.227915,-0.058390,-0.055935
-0.232854,-0.067564,-0.053255
-0.210965,-0.063751,-0.046334
-0.215567,-0.067449,-0.042036
-0.242727,-0.069484,-0.035692
-0.195525,-0.068571,-0.035558
-0.222798,-0.064433,-0.054557
-0.217713,-0.058231,-0.062296
-0.207463,-0.066594,-0.062951
-0.194095,-0.046363,-0.061826
-0.181494,-0.075890,-0.051940
-0.204494,-0.061452,-0.056334
-0.132162,-0.032417,-0.046450
-0.146174,-0.030625,-0.048604
-0.136656,-0.033026,-0.045530
-0.129208,-0.028121,-0.047167
-0.146335,-0.025299,-0.049339
-0.110809,-0.028483,-0.050742
-0.136515,-0.033533,-0.061575
-0.131365,-0.034907,-0.065555
-0.127082,-0.030811,-0.063495
-0.119910,-0.032711,-0.056051
-0.108729,-0.043923,-0.048684
-0.113138,-0.028033,-0.060940
-0.115644,-0.056840,-0.109536
-0.136846,-0.074951,-0.121642
-0.127267,-0.078734,-0.123046
-0.103985,-0.055444,-0.112448
-0.123034,-0.072642,-0.117040
-0.095068,-0.061444,-0.108884
-0.106334,-0.062208,-0.126016
-0.125604,-0.057897,-0.143097
-0.107648,-0.079998,-0.137705
-0.097559,-0.050590,-0.130479
-0.085633,-0.084100,-0.128182
-0.091109,-0.070338,-0.118821
-0.003027,-0.080743,-0.129732
-0.027937,-0.084335,-0.142005
-0.014337,-0.088572,-0.135695
-0.007756,-0.076038,-0.135175
-0.025943,-0.085962,-0.129350
-0.000573,-0.072470,-0.132120
-0.005504,-0.079319,-0.148268
-0.012402,-0.093070,-0.168543
-0.006107,-0.094874,-0.166399
0.004952,-0.066523,-0.155766
0.013219,-0.099787,-0.157073
0.006823,-0.085509,-0.150913
0.623338,-0.066990,-0.058624
0.531847,-0.130290,-0.031295
0.560919,-0.138624,0.083798
0.592336,-0.081675,0.028073
0.536058,-0.070719,0.127158
0.650854,-0.097164,0.152624
0.611569,-0.001292,0.067980
0.553054,0.003208,-0.051018
0.618423,-0.165565,-0.013217
0.646080,0.032380,-0.012061
0.708089,-0.152634,-0.028978
0.670421,-0.092610,0.046756
0.790023,-0.076866,-0.089588
0.737861,-0.062018,-0.051831
0.803273,-0.111908,0.064434
0.849029,-0.088151,0.000619
0.723927,-0.023779,0.108934
0.887419,-0.025095,0.091031
0.788098,-0.020861,0.035668
0.751518,0.016114,-0.051416
0.880949,-0.213395,-0.020900
0.885430,0.050801,-0.010876
1.014820,-0.077690,-0.001230
0.887756,-0.044495,-0.078184
-0.064217,0.006517,-0.087094
-0.089312,-0.009663,-0.108891
-0.076913,0.011023,-0.093680
-0.068168,-0.000480,-0.089489
-0.083556,-0.002143,-0.091914
-0.062218,0.019538,-0.083849
-0.076742,0.008920,-0.101251
-0.075000,0.004018,-0.108737
-0.072601,-0.006859,-0.110951
-0.047010,0.006066,-0.110446
-0.046667,-0.008763,-0.103990
-0.064149,0.003030,-0.104155
0.069233,0.011732,-0.110889
0.034318,0.002464,-0.125861
0.067152,0.004623,-0.096030
0.064978,0.013103,-0.107025
0.042391,0.015149,-0.096303
0.091910,0.038094,-0.083931
0.065647,0.010546,-0.124291
0.051889,0.006185,-0.149560
0.078389,-0.017179,-0.147140
0.093539,0.029586,-0.127781
0.113262,-0.002898,-0.123253
0.084285,0.004338,-0.123437
-0.096328,-0.020787,0.060553
-0.177284,-0.011326,0.118928
-0.130903,-0.047237,0.189381
-0.097256,-0.022533,0.129473
-0.130290,-0.013506,0.218490
-0.041281,-0.044648,0.156080
-0.130218,-0.014848,0.122525
-0.140950,-0.026362,0.048601
-0.090629,-0.023074,0.065966
-0.065992,-0.036283,0.095421
-0.043926,-0.030149,0.094801
-0.060129,-0.029913,0.079831
0.054782,-0.042772,-0.063904
-0.032447,-0.038323,-0.001591
0.026439,-0.041154,0.052793
0.061973,-0.051799,0.020265
0.028427,-0.033188,0.077655
0.084598,-0.072899,0.054257
-0.005977,-0.046963,0.000584
-0.005212,-0.048710,-0.102750
0.066108,-0.048872,-0.065942
0.089115,-0.034024,-0.021847
0.129929,-0.052739,0.004109
0.132087,-0.039670,-0.058111
-0.170304,-0.054700,-0.094946
-0.198779,-0.070252,-0.106746
-0.189860,-0.068578,-0.096374
-0.189649,-0.052282,-0.100910
-0.194235,-0.067816,-0.080707
-0.155632,-0.052198,-0.089687
-0.171117,-0.060982,-0.104363
-0.180214,-0.066848,-0.126330
-0.167969,-0.063273,-0.113958
-0.159977,-0.042360,-0.113997
-0.150287,-0.083825,-0.100915
-0.151420,-0.056201,-0.118962
-0.238331,-0.037117,-0.068698
-0.267511,-0.052265,-0.078490
-0.264545,-0.070979,-0.038663
-0.248299,-0.046806,-0.067353
-0.285163,-0.051828,-0.062654
-0.223914,-0.037362,-0.056153
-0.247502,-0.033776,-0.081771
-0.271730,-0.040717,-0.106205
-0.232193,-0.049688,-0.092796
-0.234150,-0.015224,-0.102729
-0.203961,-0.059188,-0.081753
-0.214386,-0.042975,-0.072246
0.033001,-0.065143,-0.130472
-0.038784,-0.122255,-0.002992
0.027436,-0.132600,0.065831
0.008521,-0.068600,0.060595
0.002716,-0.063959,0.194135
0.121017,-0.050824,0.121427
-0.038216,-0.009885,0.075817
-0.053524,0.025386,-0.049596
0.051321,-0.115879,-0.024446
0.075709,0.196062,-0.006025
0.127335,-0.138199,0.057627
0.093837,-0.036072,-0.030620
0.168607,-0.099404,-0.122104
0.157618,-0.082230,-0.076551
0.201211,-0.097986,-0.000568
0.205242,-0.082895,-0.057634
0.205755,-0.093251,0.015003
0.245748,-0.089612,0.019044
0.172713,-0.117871,-0.059903
0.191283,-0.100155,-0.091740
0.227756,-0.092908,-0.088077
0.307188,-0.103099,-0.034832
0.234334,-0.063450,-0.032619
0.239688,-0.059794,-0.107107
0.035374,-0.116153,-0.108123
-0.007622,-0.123179,-0.121993
0.022490,-0.126608,-0.107922
0.028440,-0.114948,-0.108683
0.009013,-0.126264,-0.104574
0.042657,-0.108085,-0.107165
0.030448,-0.114808,-0.125599
0.007015,-0.122262,-0.147180
0.032186,-0.131059,-0.144850
0.036293,-0.103079,-0.136475
0.050004,-0.127282,-0.119288
0.042026,-0.109964,-0.121862
0.068007,-0.103757,-0.100950
0.035181,-0.115400,-0.113610
0.051109,-0.109722,-0.107075
0.057559,-0.098983,-0.098906
0.038819,-0.112138,-0.102780
0.071892,-0.102416,-0.100680
0.065949,-0.112956,-0.114316
0.049657,-0.110015,-0.131571
0.054917,-0.113474,-0.136979
0.067807,-0.094678,-0.127007
0.078958,-0.122729,-0.122064
0.077353,-0.105212,-0.114709
0.254520,-0.007245,-0.176404
0.138471,-0.013363,-0.129877
0.186151,-0.021731,-0.064959
0.225718,0.015674,-0.106029
0.205361,0.057806,-0.046193
0.306612,0.029809,-0.007699
0.220955,0.048638,-0.123208
0.190962,0.017682,-0.161609
0.269978,-0.041717,-0.139214
0.296244,0.056165,-0.106471
0.345054,-0.038897,-0.148144
0.309693,0.015735,-0.157141
0.073069,0.051812,-0.340917
-0.021226,0.033536,-0.352619
0.066217,0.056735,-0.317586
0.074391,0.056036,-0.319687
0.060885,0.045372,-0.273843
0.107496,0.030908,-0.282627
0.038333,0.037798,-0.340254
0.025361,0.024180,-0.401194
0.079228,0.073117,-0.400140
0.113621,0.028273,-0.319238
0.146138,0.043864,-0.330940
0.121470,0.037304,-0.369954
0.089104,-0.103988,-0.076986
0.071141,-0.122090,-0.090407
0.083444,-0.115018,-0.070553
0.088180,-0.111759,-0.070879
0.068362,-0.119427,-0.061374
0.105473,-0.100111,-0.073563
0.088070,-0.101669,-0.081597
0.064731,-0.103955,-0.093479
0.087562,-0.117220,-0.093317
0.091970,-0.085741,-0.082063
0.097799,-0.133488,-0.085200
0.097719,-0.110076,-0.088766
0.251039,-0.110681,-0.081219
0.209342,-0.141647,-0.079924
0.244694,-0.146142,-0.036297
0.258568,-0.127583,-0.060597
0.215823,-0.104756,-0.045352
0.285045,-0.094671,-0.030935
0.246333,-0.104486,-0.074133
0.211029,-0.114971,-0.139282
0.279768,-0.141916,-0.108468
0.281531,-0.069634,-0.092372
0.335106,-0.138694,-0.080849
0.295897,-0.107225,-0.072747
-0.011397,-0.092995,-0.102640
-0.025233,-0.102358,-0.120531
-0.025212,-0.099183,-0.115445
-0.014700,-0.093625,-0.109377
-0.031501,-0.105362,-0.108453
-0.006558,-0.085860,-0.107932
-0.011399,-0.098744,-0.117277
-0.023407,-0.092403,-0.136214
-0.015515,-0.104422,-0.128457
-0.010593,-0.080161,-0.125836
0.007509,-0.112319,-0.120663
-0.014014,-0.097731,-0.118756
0.057029,-0.094766,-0.152338
0.035840,-0.103506,-0.169437
0.039760,-0.100331,-0.151246
0.048981,-0.089178,-0.152349
0.034467,-0.106179,-0.150402
0.064100,-0.094198,-0.149916
0.049824,-0.099302,-0.158819
0.050083,-0.101666,-0.206959
0.051567,-0.109404,-0.207538
0.063116,-0.085040,-0.184961
0.082152,-0.124153,-0.177283
0.071415,-0.101631,-0.176228
-0.407004,0.057987,-0.062873
-0.525748,-0.006074,-0.040327
-0.451236,-0.026785,0.033705
-0.428359,0.036711,0.026555
-0.511024,0.033444,0.052936
-0.383936,0.071253,0.086219
-0.432567,0.100603,0.002335
-0.491101,0.051900,-0.075057
-0.437664,0.014581,-0.068770
-0.379100,0.119686,-0.056700
-0.339716,-0.009403,0.012731
-0.346458,0.075016,0.012122
-0.364014,-0.037773,-0.097363
-0.432919,-0.070410,-0.080131
-0.370351,-0.078437,-0.012862
-0.379483,-0.054282,-0.076230
-0.383153,-0.073067,-0.041522
-0.319731,-0.044911,-0.015633
-0.348280,-0.034892,-0.068925
-0.407334,-0.045782,-0.142687
-0.354119,-0.057915,-0.116750
-0.332401,-0.029971,-0.113635
-0.287863,-0.071083,-0.058609
-0.316366,-0.045725,-0.082429
-0.858993,0.057287,-0.242510
-0.954497,0.035720,-0.188483
-0.902574,-0.061819,0.020307
-0.797173,0.045142,0.048187
-0.902212,0.057251,0.199973
-0.799927,0.115682,0.155226
-0.896408,0.062194,-0.020383
-0.993395,0.238325,-0.015589
-0.794763,0.003800,-0.046698
-0.810633,0.258209,-0.006786
-0.709873,0.037632,0.032736
-0.793999,0.136764,-0.029482
-0.685794,0.024444,-0.170429
-0.782811,0.017038,-0.096931
-0.674701,-0.056823,-0.004200
-0.661032,0.012877,-0.060529
-0.684255,0.095090,0.026506
-0.598408,0.088798,0.010293
-0.670631,0.199449,-0.002371
-0.766089,0.056636,-0.306946
-0.684749,-0.088845,-0.172246
-0.642971,0.099288,-0.144424
-0.569719,-0.065002,-0.093159
-0.557522,0.004483,-0.189265
0.019662,-0.052639,-0.211968
-0.049421,-0.073107,-0.235920
-0.004420,-0.050230,-0.203020
0.000286,-0.049866,-0.199606
-0.009991,-0.054184,-0.188562
0.030166,-0.038272,-0.195079
-0.008660,-0.058175,-0.222288
-0.017103,-0.067006,-0.283275
-0.001898,-0.066847,-0.260480
0.035239,-0.039224,-0.256972
0.051490,-0.071670,-0.231701
0.029398,-0.054060,-0.235166
0.036551,-0.064014,-0.331631
-0.033749,-0.105671,-0.327888
0.023761,-0.153935,-0.232610
0.034423,-0.091673,-0.292540
-0.008337,-0.087721,-0.233572
0.117146,-0.080869,-0.234628
0.070195,-0.064629,-0.279441
-0.030339,-0.083730,-0.379509
0.072527,-0.121741,-0.352752
0.066954,-0.065804,-0.344641
0.153154,-0.144581,-0.337311
0.126386,-0.079552,-0.315859
-0.057282,-0.080928,-0.080406
-0.081625,-0.085104,-0.077158
-0.070425,-0.083707,-0.071251
-0.065091,-0.075969,-0.079194
-0.087396,-0.086847,-0.063211
-0.059815,-0.073904,-0.073453
-0.056851,-0.086783,-0.083796
-0.063968,-0.086027,-0.087182
-0.056460,-0.075522,-0.088748
-0.064875,-0.073328,-0.088710
-0.057972,-0.088734,-0.077996
-0.066464,-0.084014,-0.075258
0.049239,-0.059215,-0.101788
-0.018767,-0.063941,-0.105605
0.003679,-0.085287,-0.044853
0.027001,-0.069678,-0.080420
0.015026,-0.070209,-0.034243
0.112176,-0.074915,-0.021445
0.024136,-0.074044,-0.081279
0.006552,-0.071990,-0.102603
0.042504,-0.077120,-0.111598
0.079645,-0.076096,-0.102345
0.111696,-0.077355,-0.094638
0.072582,-0.069288,-0.108473
0.113651,-0.058166,-0.132703
0.087820,-0.073913,-0.150958
0.101069,-0.054319,-0.137675
0.104611,-0.053321,-0.125375
0.088209,-0.066814,-0.129827
0.113856,-0.052038,-0.132607
0.099967,-0.065097,-0.145103
0.097553,-0.065337,-0.159582
0.093911,-0.064116,-0.171673
0.121216,-0.044767,-0.155794
0.123526,-0.076025,-0.146307
0.104008,-0.062397,-0.156057
0.064968,-0.041277,-0.182766
0.033338,-0.055191,-0.198503
0.046040,-0.046914,-0.169753
0.050030,-0.047839,-0.169298
0.028045,-0.051122,-0.169090
0.048732,-0.046648,-0.171183
0.045036,-0.047011,-0.179112
0.034151,-0.048210,-0.212236
0.039711,-0.057466,-0.208250
0.052157,-0.042495,-0.198228
0.065064,-0.051996,-0.191709
0.055943,-0.050089,-0.186718
-0.116420,0.009471,-0.132197
-0.136781,-0.016235,-0.134243
-0.100059,0.013526,-0.128976
-0.109283,0.004936,-0.123356
-0.118026,-0.002976,-0.119530
-0.090798,0.019418,-0.117870
-0.109034,0.011003,-0.134018
-0.097421,0.010018,-0.155984
-0.108905,-0.013630,-0.155953
-0.074291,0.019863,-0.142416
-0.088134,-0.020484,-0.130521
-0.088578,0.005249,-0.143413
0.071815,-0.026832,-0.146007
0.027374,-0.040213,-0.171540
0.060202,-0.033686,-0.139267
0.085949,-0.030310,-0.134465
0.063062,-0.021528,-0.125384
0.111551,-0.031663,-0.114922
0.053457,-0.036780,-0.155517
0.038953,-0.029351,-0.201288
0.089889,-0.032700,-0.171331
0.109757,-0.033427,-0.166587
0.139435,-0.027629,-0.170198
0.118641,-0.029910,-0.152360
-0.068616,-0.107864,-0.057772
-0.090982,-0.119387,-0.072331
-0.082085,-0.119511,-0.047747
-0.082386,-0.106083,-0.060413
-0.100397,-0.115055,-0.058176
-0.058405,-0.099228,-0.063488
-0.070968,-0.111281,-0.067381
-0.093206,-0.113116,-0.084988
-0.076700,-0.116138,-0.076260
-0.067331,-0.091688,-0.083303
-0.055970,-0.127570,-0.068716
-0.067803,-0.118020,-0.066196
-0.014508,-0.064056,-0.069725
-0.034401,-0.079834,-0.067452
-0.013114,-0.083588,-0.063256
-0.013713,-0.072395,-0.063506
-0.035358,-0.074199,-0.069309
0.000520,-0.069567,-0.070365
-0.019708,-0.079522,-0.077517
-0.014464,-0.068665,-0.091575
-0.005173,-0.083844,-0.087190
0.003609,-0.050378,-0.078123
0.018817,-0.094268,-0.071612
0.004423,-0.067895,-0.080460
-0.410171,-0.092696,-0.110748
-0.472176,-0.105145,-0.062715
-0.432180,-0.100455,0.040946
-0.412444,-0.107089,-0.016211
-0.438377,-0.082522,0.111608
-0.339108,-0.094427,0.040394
-0.404820,-0.084437,-0.013976
-0.445412,-0.062631,-0.089601
-0.382676,-0.109141,-0.075011
-0.407351,0.017736,-0.031438
-0.364683,-0.120965,0.009892
-0.375720,-0.104531,-0.042518
-0.245846,-0.070875,-0.099530
-0.325768,-0.094798,-0.073829
-0.280299,-0.090758,-0.007979
-0.257417,-0.052432,-0.029409
-0.277424,-0.059271,0.007616
-0.204253,-0.020789,0.011956
-0.283432,-0.024453,-0.018193
-0.315751,-0.032924,-0.145465
-0.247694,-0.092753,-0.093550
-0.202562,0.027723,-0.074215
-0.199535,-0.108916,-0.038856
-0.186976,-0.053279,-0.060851
-0.173747,0.074677,-0.180643
-0.309748,0.083500,-0.140121
-0.253063,0.047055,-0.130620
-0.197489,0.111525,-0.104572
-0.201529,0.115386,-0.052953
-0.125502,0.101659,-0.069082
-0.216550,0.090928,-0.137257
-0.271304,0.056852,-0.192055
-0.189454,0.075300,-0.158662
-0.159439,0.072251,-0.135608
-0.095021,0.095507,-0.143600
-0.146653,0.115445,-0.120122
-0.099463,0.016297,-0.329523
-0.203030,-0.027986,-0.290964
-0.140186,-0.118697,-0.207548
-0.073204,0.023900,-0.204551
-0.106669,0.020847,-0.130754
0.013470,0.088424,-0.092539
-0.073005,0.089899,-0.198205
-0.202471,0.046163,-0.297238
-0.002358,-0.038187,-0.271843
-0.020752,0.079284,-0.271931
0.162067,-0.032172,-0.292281
0.027547,0.044535,-0.266316
0.013692,-0.123730,-0.118958
-0.008821,-0.141636,-0.131631
-0.000965,-0.141713,-0.124386
0.011524,-0.127373,-0.121526
-0.003129,-0.140336,-0.125483
0.019377,-0.114413,-0.121686
0.006529,-0.122937,-0.136536
0.000029,-0.128083,-0.147553
0.012032,-0.128170,-0.146965
0.016092,-0.118351,-0.140428
0.021709,-0.148607,-0.131067
0.016491,-0.126550,-0.129145
0.070291,-0.123606,-0.122388
0.047508,-0.127699,-0.129547
0.063433,-0.126462,-0.124938
0.068543,-0.121206,-0.120840
0.058770,-0.128703,-0.116731
0.084969,-0.124931,-0.117659
0.061208,-0.128075,-0.130004
0.055176,-0.122891,-0.147280
0.058021,-0.128663,-0.142347
0.078374,-0.110800,-0.140583
0.066716,-0.137239,-0.132031
0.067734,-0.126730,-0.134522
-0.112940,-0.033516,-0.649855
-0.222764,-0.044161,-0.582743
-0.110196,-0.059291,-0.504045
-0.054753,-0.042868,-0.532087
-0.133594,-0.021309,-0.449627
-0.008881,-0.045984,-0.484151
-0.130271,-0.025539,-0.564881
-0.216885,-0.041570,-0.763591
-0.076342,-0.071177,-0.595203
-0.003792,-0.010363,-0.620626
0.040461,-0.065691,-0.550323
0.004249,-0.029533,-0.569986
-0.109016,-0.017352,-0.806104
-0.166622,-0.066417,-0.724578
-0.062214,-0.064854,-0.604302
-0.077871,-0.047669,-0.677806
-0.099382,-0.013326,-0.601868
0.045063,-0.042851,-0.618905
-0.036210,-0.018031,-0.665663
-0.192959,-0.030974,-0.944957
-0.020101,-0.082466,-0.755893
0.042663,-0.006607,-0.799352
0.112434,-0.063692,-0.712501
0.031442,-0.029869,-0.699505
-0.092815,-0.026459,-0.120575
-0.108269,-0.038970,-0.126318
-0.109315,-0.037199,-0.113284
-0.100452,-0.028074,-0.114972
-0.114919,-0.033066,-0.115953
-0.086145,-0.020223,-0.123260
-0.102136,-0.027579,-0.128810
-0.104909,-0.030713,-0.136141
-0.091429,-0.043671,-0.146200
-0.091969,-0.015437,-0.131570
-0.078253,-0.049243,-0.123097
-0.086610,-0.038494,-0.133392
-0.040511,-0.027657,-0.125952
-0.066328,-0.031462,-0.138697
-0.056002,-0.025186,-0.127083
-0.048198,-0.024029,-0.121801
-0.060153,-0.026675,-0.122201
-0.036990,-0.026781,-0.116685
-0.045146,-0.027649,-0.135570
-0.058976,-0.026183,-0.173075
-0.045147,-0.031975,-0.162978
-0.036571,-0.017526,-0.152347
-0.018287,-0.031367,-0.139521
-0.035484,-0.026837,-0.134340
0.063156,-0.047275,-0.308058
-0.003568,-0.064319,-0.267757
0.106422,-0.054956,-0.186659
0.077375,-0.062608,-0.218073
0.080070,-0.062414,-0.131243
0.142694,-0.077416,-0.179699
0.124497,-0.069005,-0.223721
0.062903,-0.061568,-0.287601
0.074779,-0.060095,-0.264538
0.167299,-0.073026,-0.273761
0.169067,-0.057152,-0.214410
0.134061,-0.033561,-0.276134
0.259818,-0.081074,-0.336306
0.195430,-0.094351,-0.299176
0.214782,-0.086434,-0.204185
0.258600,-0.097412,-0.246936
0.213518,-0.051491,-0.192076
0.302109,-0.082347,-0.168667
0.236877,-0.056471,-0.268508
0.182588,-0.065088,-0.342072
0.276734,-0.119513,-0.298194
0.298873,-0.060056,-0.311515
0.369685,-0.086241,-0.338840
0.315175,-0.079751,-0.256457
-0.306037,-0.021875,-0.076341
-0.383788,-0.052070,-0.062068
-0.325732,-0.088184,-0.004477
-0.319794,-0.001829,-0.000399
-0.355447,-0.036151,0.015990
-0.259337,0.016263,0.023693
-0.310259,0.000790,-0.029405
-0.355200,-0.019026,-0.060745
-0.296595,-0.054790,-0.062724
-0.270130,0.014619,-0.057731
-0.239146,-0.053636,-0.029696
-0.266372,-0.012575,-0.043335
-0.206116,-0.037993,-0.071955
-0.236130,-0.054891,-0.081942
-0.224438,-0.069822,-0.066950
-0.210516,-0.038083,-0.059946
-0.227921,-0.061525,-0.062986
-0.191202,-0.020732,-0.061088
-0.212119,-0.038789,-0.078054
-0.230950,-0.043981,-0.083965
-0.203459,-0.057285,-0.094679
-0.199639,-0.010977,-0.085375
-0.188895,-0.063697,-0.077623
-0.184205,-0.033746,-0.076192
0.056724,-0.107339,-0.112070
0.036926,-0.122303,-0.126785
0.038623,-0.121232,-0.116673
0.045687,-0.111287,-0.114508
0.039604,-0.117199,-0.118157
0.058745,-0.102344,-0.112178
0.043259,-0.112145,-0.123775
0.046852,-0.113772,-0.136376
0.048109,-0.130297,-0.137601
0.053531,-0.099296,-0.131325
0.066408,-0.130860,-0.127513
0.044713,-0.119556,-0.124268
0.086668,-0.115937,-0.110153
0.065713,-0.128628,-0.135613
0.085490,-0.121152,-0.125985
0.084567,-0.115139,-0.121145
0.068260,-0.123698,-0.138113
0.098710,-0.101102,-0.120488
0.080633,-0.116995,-0.125788
0.081936,-0.122109,-0.149670
0.086382,-0.131843,-0.151050
0.112101,-0.111966,-0.140953
0.109917,-0.136667,-0.133488
0.100627,-0.121025,-0.135733
0.043466,-0.052549,-0.115185
0.024966,-0.054350,-0.124500
0.035992,-0.054441,-0.101053
0.028810,-0.051617,-0.113391
0.023863,-0.050735,-0.111331
0.040371,-0.057173,-0.115441
0.039141,-0.062663,-0.122702
0.030551,-0.059459,-0.135169
0.040069,-0.054951,-0.138747
0.036971,-0.055966,-0.123175
0.058405,-0.055537,-0.117519
0.036183,-0.053624,-0.117194
0.028266,-0.051681,-0.112504
-0.002316,-0.060711,-0.137801
0.011340,-0.059584,-0.112978
0.017852,-0.053795,-0.116683
0.004501,-0.063737,-0.114818
0.028055,-0.049861,-0.115049
0.018526,-0.052548,-0.127532
0.013086,-0.056996,-0.158351
0.013091,-0.062330,-0.159796
0.031768,-0.045686,-0.149535
0.045224,-0.064668,-0.131431
0.028648,-0.056542,-0.136716
0.013239,-0.066103,-0.083844
0.004808,-0.073351,-0.091492
0.015597,-0.070797,-0.081968
0.017909,-0.070483,-0.078410
0.007858,-0.070225,-0.071412
0.029084,-0.061153,-0.083224
0.015231,-0.072345,-0.086672
0.014713,-0.071095,-0.097382
0.018813,-0.075681,-0.100612
0.028151,-0.058309,-0.084545
0.027782,-0.088407,-0.080672
0.019206,-0.073489,-0.087882
0.068242,-0.087711,-0.068666
0.048849,-0.093619,-0.081373
0.052222,-0.090652,-0.082944
0.057786,-0.080423,-0.069362
0.042365,-0.078814,-0.069026
0.073113,-0.069786,-0.076156
0.062565,-0.076928,-0.084956
0.055592,-0.089956,-0.088805
0.058817,-0.098346,-0.092992
0.063301,-0.073482,-0.087718
0.071406,-0.098577,-0.082942
0.068232,-0.087553,-0.086921
-0.004271,-0.099410,0.154670
-0.176237,-0.097323,0.300066
-0.105662,-0.065482,0.450673
0.011485,-0.093703,0.350731
-0.185460,-0.101355,0.623801
0.102092,-0.107301,0.555103
-0.058019,-0.078091,0.297841
-0.072354,-0.106433,0.221822
-0.005889,-0.134843,0.233192
0.147997,-0.074749,0.276015
0.149800,-0.124185,0.311854
0.062581,-0.080909,0.207645
0.192358,-0.096373,0.022675
0.130383,-0.125342,0.057767
0.134544,-0.153969,0.114160
0.151346,-0.107069,0.126860
0.094038,-0.103831,0.139678
0.235610,-0.110803,0.177900
0.156232,-0.089671,0.059453
0.116915,-0.076738,0.062409
0.196734,-0.130962,0.069461
0.210110,-0.061368,0.060254
0.252246,-0.130593,0.095501
0.204174,-0.102945,0.120196
0.019436,-0.016520,-0.151861
0.015489,-0.024044,-0.168907
0.018140,-0.022399,-0.155574
0.025105,-0.015791,-0.161603
0.019103,-0.027730,-0.152240
0.025662,-0.018544,-0.162795
0.024841,-0.018095,-0.167747
0.017004,-0.018522,-0.195215
0.019857,-0.014722,-0.177910
0.014819,-0.025545,-0.176127
0.034716,-0.022984,-0.178091
0.021514,-0.025211,-0.171876
0.041159,-0.033523,-0.144438
0.012786,-0.031964,-0.161516
0.035813,-0.033856,-0.136600
0.035584,-0.033919,-0.146846
0.024910,-0.040505,-0.140703
0.039771,-0.029140,-0.137353
0.038492,-0.036809,-0.146953
0.028036,-0.037775,-0.179483
0.028686,-0.041683,-0.193994
0.045931,-0.032466,-0.166066
0.059169,-0.035190,-0.156373
0.044664,-0.029878,-0.156400
0.054039,-0.093442,-0.090499
0.036521,-0.110754,-0.100851
0.039647,-0.098181,-0.092826
0.046734,-0.096594,-0.091121
0.032923,-0.097937,-0.092742
0.057248,-0.089010,-0.094602
0.037597,-0.093381,-0.103355
0.041592,-0.103864,-0.118488
0.048537,-0.101275,-0.116220
0.059983,-0.086826,-0.111581
0.068398,-0.111089,-0.100866
0.059832,-0.097641,-0.098484
0.108484,-0.081561,-0.106689
0.087239,-0.085165,-0.113301
0.092591,-0.087095,-0.111151
0.101193,-0.073504,-0.104553
0.091624,-0.085321,-0.100825
0.112073,-0.077614,-0.106214
0.103558,-0.081315,-0.119638
0.090784,-0.086301,-0.127124
0.095440,-0.083386,-0.119029
0.107514,-0.078711,-0.118488
0.112033,-0.088741,-0.119699
0.107649,-0.083060,-0.114458
0.035546,-0.055145,-0.072724
-0.017307,-0.080175,-0.087224
0.003995,-0.081438,-0.060559
0.006608,-0.054707,-0.062204
-0.009515,-0.055546,-0.042153
0.049624,-0.025650,-0.038455
0.021369,-0.044563,-0.076897
-0.003854,-0.060678,-0.112403
0.020946,-0.090621,-0.112916
0.044075,-0.012302,-0.094004
0.058552,-0.093331,-0.088560
0.047551,-0.049901,-0.090027
0.097612,-0.106778,-0.113177
0.067361,-0.123920,-0.134286
0.083630,-0.115024,-0.115615
0.089551,-0.108687,-0.123868
0.073635,-0.118977,-0.117886
0.108233,-0.103789,-0.113691
0.087235,-0.116849,-0.134986
0.075211,-0.120468,-0.157720
0.092902,-0.124329,-0.164091
0.104536,-0.100173,-0.143378
0.115800,-0.131741,-0.137291
0.103154,-0.111315,-0.133658
-0.070442,-0.044239,-0.116995
-0.096022,-0.040590,-0.118189
-0.075215,-0.048696,-0.119422
-0.073417,-0.038823,-0.124238
-0.084282,-0.044654,-0.117951
-0.068680,-0.047422,-0.111716
-0.085533,-0.040817,-0.126788
-0.070971,-0.032523,-0.156608
-0.068284,-0.040768,-0.146492
-0.062592,-0.039368,-0.141926
-0.048048,-0.049604,-0.120697
-0.066316,-0.044405,-0.131127
-0.010169,-0.033988,-0.113134
-0.020971,-0.034094,-0.119258
-0.019148,-0.032955,-0.115585
-0.015551,-0.024373,-0.118265
-0.022501,-0.035658,-0.119710
-0.012403,-0.039806,-0.115021
-0.009228,-0.037122,-0.120732
-0.003735,-0.037812,-0.139816
-0.016237,-0.027569,-0.132475
-0.008816,-0.036836,-0.137802
-0.005801,-0.032944,-0.126487
-0.020704,-0.036505,-0.123473
-0.146214,-0.027614,-0.083843
-0.173672,-0.037472,-0.088940
-0.160188,-0.033627,-0.075489
-0.150558,-0.030214,-0.078724
-0.173734,-0.029803,-0.083907
-0.141766,-0.021540,-0.083157
-0.153563,-0.031700,-0.089518
-0.164906,-0.047843,-0.092719
-0.157646,-0.041303,-0.093991
-0.146037,-0.022885,-0.095418
-0.127882,-0.046291,-0.087890
-0.147428,-0.029392,-0.082863
-0.068287,-0.031175,-0.067607
-0.080406,-0.038670,-0.068576
-0.063703,-0.030787,-0.072094
-0.062929,-0.018239,-0.063856
-0.083069,-0.027316,-0.073745
-0.056736,-0.021037,-0.069971
-0.064726,-0.032112,-0.072745
-0.058422,-0.023774,-0.111144
-0.064071,-0.038057,-0.096372
-0.040086,-0.013505,-0.092293
-0.031050,-0.050465,-0.076331
-0.048960,-0.030998,-0.077432
0.069267,-0.026344,-0.119883
0.031819,-0.045132,-0.140779
0.050466,-0.035344,-0.121225
0.047622,-0.022853,-0.116754
0.045470,-0.039575,-0.116019
0.078794,-0.015287,-0.115552
0.056011,-0.030777,-0.132631
0.055346,-0.038948,-0.159611
0.046584,-0.040736,-0.174407
0.078060,-0.020860,-0.140844
0.087772,-0.048673,-0.135222
0.073147,-0.034357,-0.136967
0.139166,-0.043026,-0.175494
0.106947,-0.052443,-0.191026
0.124294,-0.045873,-0.163052
0.132300,-0.043056,-0.166738
0.119467,-0.044775,-0.165508
0.162581,-0.038246,-0.159478
0.134534,-0.052559,-0.183331
0.118038,-0.049417,-0.215188
0.139313,-0.053286,-0.196367
0.160758,-0.046094,-0.198722
0.170581,-0.053094,-0.183164
0.152353,-0.046749,-0.181400
-0.269579,-0.092047,0.037131
-0.305121,-0.085163,0.082847
-0.244616,-0.099636,0.083431
-0.240256,-0.071992,0.075043
-0.226588,-0.081986,0.084419
-0.209420,-0.085224,0.117675
-0.266636,-0.071178,0.090048
-0.235453,-0.051151,0.064760
-0.224127,-0.113713,0.054615
-0.238763,-0.083713,0.114754
-0.213552,-0.088363,0.087132
-0.233052,-0.087616,0.042120
-0.133707,-0.102549,-0.001996
-0.204739,-0.102753,-0.004112
-0.150000,-0.091579,0.078449
-0.151454,-0.086493,0.027189
-0.148850,-0.080095,0.100789
-0.106551,-0.093051,0.070293
-0.156739,-0.104396,0.045193
-0.163500,-0.093247,-0.077527
-0.123747,-0.127124,-0.037081
-0.113178,-0.114485,0.018063
-0.056163,-0.106438,0.005505
-0.083167,-0.094021,-0.026821
0.033920,-0.070378,-0.120386
0.001471,-0.079050,-0.134632
0.013476,-0.073501,-0.113663
0.014620,-0.066127,-0.118081
0.004219,-0.077531,-0.122848
0.032709,-0.062191,-0.120203
0.014757,-0.071707,-0.130945
0.008891,-0.079891,-0.170872
0.020548,-0.081907,-0.160313
0.035193,-0.063766,-0.149604
0.038435,-0.089500,-0.143031
0.033402,-0.079810,-0.136785
0.043110,-0.076691,-0.148216
0.016679,-0.083422,-0.162848
0.030100,-0.084387,-0.141339
0.036395,-0.079142,-0.146039
0.020191,-0.083422,-0.140285
0.043611,-0.070942,-0.143311
0.036176,-0.076078,-0.152708
0.025639,-0.085832,-0.188257
0.033137,-0.087718,-0.187751
0.049025,-0.065736,-0.172337
0.065097,-0.092422,-0.170640
0.050433,-0.081031,-0.161476
-0.048178,-0.089414,-0.091145
-0.038004,-0.084947,-0.085690
-0.039141,-0.092494,-0.074127
-0.039561,-0.081526,-0.090231
-0.040628,-0.093951,-0.066695
-0.032299,-0.089803,-0.086127
-0.027944,-0.084944,-0.091733
-0.035163,-0.080153,-0.112797
-0.014563,-0.085208,-0.105815
-0.067101,-0.084093,-0.089739
-0.030078,-0.086699,-0.088251
-0.035184,-0.085666,-0.098957
0.033394,-0.106253,-0.079461
0.003584,-0.097953,-0.095011
0.030212,-0.108529,-0.025505
0.055648,-0.105521,-0.060426
0.057322,-0.111691,0.040497
0.092438,-0.129234,-0.012071
0.029172,-0.115676,-0.066536
0.014738,-0.099177,-0.115003
0.045895,-0.105473,-0.113216
0.029812,-0.128775,-0.059505
0.072472,-0.101451,-0.087335
0.047448,-0.090010,-0.112794
-0.526560,0.102000,-0.080944
-0.630307,0.067199,0.024949
-0.541766,0.050001,0.148131
-0.543317,0.073823,0.039469
-0.696698,0.081908,0.178258
-0.522021,0.111585,0.128556
-0.561190,0.158161,0.056338
-0.591508,0.127634,-0.028762
-0.512052,0.036114,-0.055976
-0.492458,0.193370,-0.020868
-0.431247,0.065597,0.062031
-0.476100,0.100315,0.002897
-0.342870,-0.001341,-0.064153
-0.417805,-0.016554,-0.043598
-0.338626,-0.025462,0.023553
-0.315241,-0.001014,0.015865
-0.343675,0.022294,0.057256
-0.291589,0.008876,0.056966
-0.356472,0.042522,0.011605
-0.391275,0.006963,-0.124965
-0.349196,-0.013557,-0.093372
-0.281564,0.035216,-0.072316
-0.225773,-0.040099,-0.031537
-0.267042,-0.009448,-0.057478
-0.235915,-0.036033,-0.018383
-0.305763,-0.043270,0.030965
-0.255322,-0.071798,0.115994
-0.237711,-0.065018,0.074150
-0.299807,-0.044707,0.204802
-0.180278,-0.040040,0.141884
-0.230458,-0.039118,0.071244
-0.269952,-0.008345,0.025631
-0.236908,-0.060719,0.013219
-0.182248,0.048490,0.049038
-0.195358,-0.054060,0.101616
-0.215393,-0.031164,0.037105
-0.023152,-0.045745,-0.062618
-0.104416,-0.077612,-0.007630
-0.041857,-0.069287,0.030908
-0.007094,-0.055374,0.040343
-0.001728,-0.071895,0.086995
0.052033,-0.049475,0.064167
-0.052149,-0.045266,0.014406
-0.061704,-0.005299,-0.060365
-0.024104,-0.076017,-0.039234
0.005609,0.034639,0.002696
0.007478,-0.087986,0.039583
0.025919,-0.060427,-0.021406
0.258739,0.017996,-0.078816
0.191680,0.002284,-0.054654
0.252251,-0.023989,0.045359
0.258834,0.011174,-0.012967
0.245126,0.005356,0.068068
0.345366,0.026334,0.052631
0.212547,0.028007,-0.016633
0.199480,0.063593,-0.055185
0.315872,-0.062178,-0.042572
0.277451,0.036283,0.001858
0.328973,-0.033545,0.028956
0.340867,0.021161,-0.048878
0.369109,-0.022363,-0.095586
0.320727,-0.027352,-0.064066
0.376637,-0.054326,0.000792
0.393839,0.010414,-0.012195
0.347677,-0.018010,0.039486
0.427916,0.021512,0.033028
0.344945,0.036508,0.009357
0.368629,0.042675,-0.078622
0.379954,-0.053530,-0.085352
0.459091,0.077066,-0.018857
0.429601,-0.063742,-0.004461
0.426460,-0.000389,-0.071759
0.081622,-0.084492,-0.146003
0.051840,-0.087596,-0.166680
0.065811,-0.084568,-0.154152
0.071003,-0.080288,-0.157553
0.067262,-0.090658,-0.149242
0.086821,-0.076779,-0.149728
0.074799,-0.084338,-0.165544
0.076000,-0.088085,-0.187593
0.075856,-0.090727,-0.187440
0.088889,-0.078399,-0.168781
0.082595,-0.094157,-0.165104
0.092598,-0.086170,-0.164389
0.117818,-0.092111,-0.198436
0.076157,-0.096893,-0.224246
0.090201,-0.098183,-0.188566
0.103527,-0.090714,-0.196868
0.082341,-0.097051,-0.193080
0.130488,-0.079447,-0.184831
0.104323,-0.091678,-0.209741
0.078481,-0.099360,-0.263138
0.109775,-0.108359,-0.260330
0.133536,-0.080573,-0.238321
0.165470,-0.105233,-0.231276
0.132971,-0.088835,-0.227303
0.016483,-0.067167,-0.079080
-0.022847,-0.084743,-0.089924
-0.001861,-0.077529,-0.078219
-0.002681,-0.063157,-0.082047
-0.012741,-0.083719,-0.068210
0.020457,-0.057310,-0.069823
0.013219,-0.063931,-0.091077
-0.008296,-0.074919,-0.111115
-0.000604,-0.084275,-0.100332
0.017904,-0.051985,-0.104261
0.025762,-0.085789,-0.093928
0.015734,-0.066450,-0.088190
0.019400,-0.109267,-0.105059
-0.007940,-0.102438,-0.094254
-0.014336,-0.123238,-0.035916
0.018306,-0.097342,-0.064543
0.013282,-0.113283,-0.017622
0.079371,-0.086237,-0.050151
0.007769,-0.082176,-0.084974
-0.003816,-0.101230,-0.117399
0.022200,-0.097504,-0.103453
0.043697,-0.082692,-0.101913
0.067599,-0.124668,-0.091323
0.048568,-0.083027,-0.103100
-0.194565,0.014709,-0.079654
-0.245578,-0.008531,-0.081363
-0.221235,-0.019513,-0.066908
-0.203259,0.012883,-0.063058
-0.238703,0.019896,-0.041561
-0.183109,0.042354,-0.046625
-0.216577,0.025383,-0.073532
-0.237607,0.026697,-0.098596
-0.205764,-0.014800,-0.084947
-0.184171,0.053627,-0.082172
-0.184892,-0.007572,-0.075645
-0.184143,0.014433,-0.072973
-0.120920,-0.047365,-0.088155
-0.127595,-0.058231,-0.089157
-0.103734,-0.054721,-0.085804
-0.108363,-0.047568,-0.078981
-0.122508,-0.054291,-0.083514
-0.097065,-0.040776,-0.089438
-0.113119,-0.056919,-0.093059
-0.116471,-0.047985,-0.095516
-0.104636,-0.053746,-0.097728
-0.096654,-0.042950,-0.100237
-0.082017,-0.060398,-0.088588
-0.094269,-0.054411,-0.100966
-0.000803,0.129922,-0.058814
-0.120360,0.088576,0.011968
-0.031582,0.086710,0.070825
-0.042534,0.105528,0.001889
-0.101178,0.100580,0.048386
-0.007965,0.114474,0.057653
-0.040777,0.133342,0.007644
-0.097720,0.115559,-0.032106
-0.033929,0.078731,-0.054885
-0.008918,0.129703,-0.037752
0.027578,0.095510,0.017272
0.040586,0.146128,0.019078
0.170814,0.063943,-0.193747
0.070279,0.039398,-0.147928
0.098286,-0.004307,-0.057178
0.161060,0.085452,-0.121807
0.118393,0.067179,-0.007252
0.225244,0.023012,-0.045884
0.159086,0.123081,-0.104552
0.109132,0.070724,-0.177020
0.155110,0.041251,-0.177252
0.185421,0.090931,-0.149152
0.208794,-0.127918,-0.202722
0.252049,0.016535,-0.161315
-0.150678,-0.015028,-0.092288
-0.163491,-0.021854,-0.093698
-0.160035,-0.019950,-0.087447
-0.153749,-0.015487,-0.090371
-0.160340,-0.026448,-0.087765
-0.155273,-0.018232,-0.101906
-0.151806,-0.021313,-0.098911
-0.150306,-0.023779,-0.107849
-0.152132,-0.017926,-0.109670
-0.157255,-0.015798,-0.099596
-0.143403,-0.026425,-0.100616
-0.165079,-0.022546,-0.100374
-0.125501,-0.022516,-0.094070
-0.137013,-0.024363,-0.103439
-0.134508,-0.013290,-0.092680
-0.127520,-0.021144,-0.087285
-0.143929,-0.018166,-0.095179
-0.129472,-0.019406,-0.098531
-0.136267,-0.022872,-0.099297
-0.134233,-0.018805,-0.107335
-0.134568,-0.022382,-0.106586
-0.126897,-0.025980,-0.105823
-0.124138,-0.027780,-0.099883
-0.128509,-0.024146,-0.101114
0.021791,-0.093447,-0.127421
0.001427,-0.097376,-0.136566
0.015350,-0.103332,-0.124451
0.017622,-0.091170,-0.127041
-0.003008,-0.106817,-0.124561
0.032153,-0.084553,-0.123961
0.022552,-0.097185,-0.134250
0.008574,-0.093040,-0.151353
0.029139,-0.104279,-0.153247
0.029875,-0.077151,-0.152186
0.037363,-0.117827,-0.133867
0.030718,-0.097463,-0.140674
0.076312,-0.125424,-0.122146
0.048938,-0.128614,-0.119566
0.072295,-0.133690,-0.107523
0.078578,-0.132996,-0.112181
0.053966,-0.136250,-0.101028
0.096076,-0.119241,-0.105778
0.072800,-0.129396,-0.121439
0.057711,-0.121101,-0.140206
0.080677,-0.136065,-0.134651
0.092082,-0.106317,-0.139513
0.094505,-0.148267,-0.099870
0.096180,-0.126294,-0.127990
-0.150146,-0.024791,-0.080289
-0.181289,-0.036228,-0.080301
-0.139692,-0.033170,-0.073833
-0.155017,-0.028092,-0.058200
-0.165015,-0.042968,-0.054843
-0.139041,-0.011900,-0.078084
-0.152835,-0.021458,-0.095028
-0.151796,-0.036835,-0.090062
-0.195834,-0.028128,-0.103346
-0.143989,-0.020600,-0.090171
-0.146976,-0.038461,-0.075978
-0.141047,-0.024315,-0.090491
-0.133573,-0.042300,-0.066378
-0.157544,-0.029921,-0.081107
-0.130836,-0.034967,-0.058738
-0.136487,-0.038023,-0.056907
-0.147640,-0.046063,-0.058527
-0.131921,-0.041163,-0.060262
-0.133951,-0.042695,-0.071691
-0.140394,-0.039513,-0.078512
-0.129063,-0.036929,-0.079617
-0.130497,-0.033287,-0.078339
-0.118413,-0.045349,-0.068606
-0.141296,-0.045547,-0.071243
0.073464,-0.066237,-0.090130
0.060051,-0.073690,-0.098029
0.078167,-0.063534,-0.082958
0.073828,-0.064658,-0.089541
0.058088,-0.064469,-0.083713
0.091012,-0.057959,-0.096226
0.076237,-0.070257,-0.095038
0.070776,-0.063893,-0.108904
0.080347,-0.074666,-0.108939
0.086628,-0.052576,-0.100175
0.102548,-0.085469,-0.094760
0.082583,-0.067119,-0.100205
0.042626,-0.064404,-0.084548
0.011031,-0.083048,-0.097302
0.027498,-0.068697,-0.090361
0.037842,-0.069088,-0.080993
0.027535,-0.078599,-0.067816
0.044433,-0.063591,-0.074960
0.025770,-0.070459,-0.089436
0.020389,-0.071737,-0.108113
0.024271,-0.088496,-0.107733
0.043330,-0.058563,-0.090173
0.061188,-0.087070,-0.100420
0.037502,-0.075946,-0.094855
0.035206,-0.101432,-0.113994
0.014227,-0.117373,-0.131662
0.024988,-0.106835,-0.122666
0.037246,-0.097844,-0.120671
0.016900,-0.120195,-0.117532
0.046369,-0.096044,-0.124166
0.033616,-0.105766,-0.138030
0.025708,-0.112789,-0.148597
0.039175,-0.113527,-0.152602
0.046079,-0.093402,-0.137451
0.058288,-0.124648,-0.135415
0.040162,-0.110056,-0.140127
0.106859,-0.082613,-0.118414
0.074307,-0.100178,-0.148374
0.088279,-0.092683,-0.115358
0.094753,-0.086006,-0.121254
0.079635,-0.096308,-0.134085
0.125627,-0.070833,-0.120595
0.094078,-0.089363,-0.136343
0.076235,-0.096145,-0.167778
0.098911,-0.099867,-0.163611
0.123584,-0.074871,-0.156782
0.127654,-0.101978,-0.142545
0.115220,-0.092523,-0.142749
0.030839,-0.049674,-0.105477
0.011551,-0.053721,-0.112284
0.026850,-0.057001,-0.105920
0.036366,-0.047018,-0.103083
0.022604,-0.063828,-0.102572
0.042602,-0.048187,-0.109342
0.032086,-0.054796,-0.115155
0.032605,-0.056422,-0.126112
0.033621,-0.054141,-0.132054
0.031964,-0.047913,-0.126666
0.048407,-0.064069,-0.117069
0.037049,-0.049989,-0.112092
0.052696,-0.049937,-0.126682
0.020583,-0.056234,-0.143135
0.038861,-0.046150,-0.127446
0.048227,-0.041252,-0.126799
0.032302,-0.055308,-0.122666
0.062276,-0.040840,-0.121345
0.047973,-0.050436,-0.130000
0.036793,-0.049811,-0.157659
0.045974,-0.059461,-0.167394
0.057105,-0.044076,-0.150029
0.062983,-0.057697,-0.144949
0.060012,-0.051656,-0.140928
0.100244,-0.062635,-0.137519
0.075498,-0.074621,-0.152300
0.085872,-0.072150,-0.145864
0.092654,-0.058090,-0.142120
0.086228,-0.072611,-0.146449
0.108220,-0.061011,-0.137600
0.096276,-0.063589,-0.150085
0.089346,-0.068301,-0.179069
0.097416,-0.076595,-0.178716
0.104753,-0.054707,-0.166008
0.115936,-0.077945,-0.159147
0.113200,-0.068561,-0.159210
0.093714,-0.050332,-0.164346
0.061478,-0.059633,-0.184767
0.076776,-0.057086,-0.160849
0.086363,-0.049963,-0.156822
0.062747,-0.058182,-0.160914
0.100871,-0.045809,-0.152340
0.089991,-0.055003,-0.168567
0.069561,-0.058159,-0.206669
0.081501,-0.055934,-0.206545
0.108296,-0.039824,-0.203348
0.117055,-0.065831,-0.185439
0.099863,-0.052564,-0.182308
0.047061,-0.150632,0.026383
-0.007708,-0.154958,0.041970
0.071793,-0.180165,0.079379
0.054728,-0.156350,0.069254
0.035618,-0.158744,0.100342
0.110227,-0.149951,0.107825
0.049318,-0.137568,0.060445
0.040149,-0.148081,0.026295
0.043934,-0.170609,0.010899
0.075567,-0.142051,0.057624
0.109909,-0.149867,0.069890
0.082029,-0.162729,0.025058
0.239052,-0.109008,-0.047359
0.155813,-0.132008,-0.033461
0.204974,-0.101053,0.093556
0.246545,-0.135724,0.029090
0.225898,-0.093942,0.099707
0.313944,-0.132241,0.080452
0.190585,-0.119068,0.007280
0.184111,-0.119096,-0.076787
0.281642,-0.110763,-0.040503
0.272581,-0.113456,0.041305
0.386625,-0.109887,0.031230
0.322860,-0.125597,-0.000152
0.301023,-0.049331,-0.195481
0.234807,-0.057735,-0.160925
0.312804,-0.078124,-0.084688
0.301408,-0.048187,-0.126727
0.255900,-0.023522,-0.076506
0.342447,-0.030759,-0.075656
0.291201,-0.017206,-0.120203
0.269795,-0.047694,-0.209962
0.317691,-0.090481,-0.179533
0.354031,-0.023259,-0.190459
0.393487,-0.101635,-0.091739
0.378173,-0.041736,-0.144849
0.372803,0.012677,-0.347831
0.311666,-0.077003,-0.349935
0.392803,-0.062725,-0.188141
0.380866,-0.029431,-0.266956
0.373268,-0.012153,-0.198166
0.560466,0.023292,-0.215166
0.433861,-0.029296,-0.228969
0.317607,-0.027020,-0.303971
0.390280,-0.098260,-0.347212
0.428851,-0.003042,-0.259726
0.551468,-0.064030,-0.238868
0.478141,-0.021517,-0.307582
0.103260,0.024143,-0.006629
0.048486,0.012918,0.051570
0.093973,-0.085639,0.141663
0.121578,0.008238,0.100181
0.058128,-0.009700,0.157416
0.181346,-0.011137,0.151099
0.100476,0.021806,0.103737
0.069451,0.057962,0.060272
0.109186,-0.000469,0.088888
0.146262,0.064703,0.066783
0.168219,0.018306,0.067701
0.139814,0.031896,0.038029
0.276722,0.046534,-0.040756
0.199299,0.039117,0.032568
0.311368,-0.161022,0.156210
0.297702,0.026876,0.092520
0.265780,-0.039853,0.144527
0.358900,0.051959,0.146412
0.316668,0.099606,0.119618
0.233186,0.102715,0.020394
0.325652,-0.042832,0.027653
0.301506,0.101151,0.029848
0.372755,-0.016416,0.160537
0.369885,0.085018,0.042950
0.023532,-0.042760,-0.377964
-0.007427,-0.070436,-0.353431
0.097578,-0.039385,-0.286886
0.054502,-0.068629,-0.340247
0.075657,-0.053208,-0.303714
0.148780,-0.044344,-0.281180
0.074252,-0.046651,-0.338846
0.084969,-0.067443,-0.406128
0.096171,-0.053168,-0.363289
0.206434,-0.066396,-0.338269
0.161170,-0.078031,-0.305721
0.157457,-0.037635,-0.324505
0.097018,-0.050270,-0.538686
0.085603,-0.063344,-0.449852
0.216156,-0.077565,-0.393744
0.182049,-0.071469,-0.476540
0.198455,-0.025620,-0.390969
0.288342,-0.108521,-0.403754
0.147807,-0.026535,-0.429445
0.146562,-0.052371,-0.862173
0.240662,-0.031055,-0.594248
0.260997,-0.006899,-0.478878
0.341107,-0.129584,-0.459324
0.374075,-0.072483,-0.494903
0.018682,-0.020546,-0.050317
-0.002722,-0.052325,-0.074966
0.011102,-0.037404,-0.059145
0.008648,-0.029573,-0.061380
-0.000978,-0.044843,-0.058059
0.036109,-0.009453,-0.043465
0.021172,-0.026698,-0.069578
0.006576,-0.032481,-0.083707
0.017518,-0.046888,-0.087063
0.037951,-0.010534,-0.078148
0.041920,-0.063687,-0.071834
0.033522,-0.033154,-0.075209
0.060022,-0.055133,-0.054919
0.043750,-0.062460,-0.070056
0.061861,-0.061656,-0.057262
0.059069,-0.052420,-0.056355
0.048638,-0.065204,-0.056991
0.075488,-0.042737,-0.054574
0.055854,-0.052075,-0.065892
0.054234,-0.057551,-0.100034
0.064469,-0.060628,-0.089584
0.082685,-0.043076,-0.079872
0.086946,-0.070411,-0.063983
0.067018,-0.051765,-0.073780
-0.255768,0.062073,-0.102051
-0.362033,-0.084094,0.017790
-0.279639,-0.243074,0.103932
-0.267855,0.048851,0.037599
-0.353511,-0.045490,0.148530
-0.193772,0.050302,0.137149
-0.237720,0.118864,0.066355
-0.390295,0.065863,0.012907
-0.186078,-0.005574,-0.048936
-0.235019,0.112695,-0.030824
-0.101338,0.025769,0.059749
-0.137369,0.103169,-0.001400
0.019310,0.025798,-0.275441
-0.108114,-0.026715,-0.151630
-0.018251,-0.273691,-0.044707
0.033141,-0.003071,-0.097273
-0.047883,-0.083757,0.112591
0.106016,0.017445,0.046328
0.037555,0.104388,-0.047319
-0.103730,0.102633,-0.163958
0.065210,-0.111691,-0.260771
-0.025764,0.110804,-0.154942
0.229770,-0.099867,-0.062730
0.119055,0.056645,-0.147077
0.130697,-0.054201,-0.117328
0.109923,-0.059577,-0.129958
0.119547,-0.057787,-0.117443
0.116605,-0.058123,-0.114880
0.110826,-0.063199,-0.108180
0.136292,-0.050256,-0.114305
0.124973,-0.053317,-0.128259
0.120880,-0.055638,-0.152092
0.132482,-0.059935,-0.148781
0.129018,-0.043749,-0.140194
0.141534,-0.066921,-0.126658
0.131320,-0.055536,-0.132213
0.148247,-0.058976,-0.129949
0.127871,-0.062631,-0.138398
0.147400,-0.051562,-0.130568
0.187341,-0.050254,-0.123211
0.175150,-0.019777,-0.069489
0.157618,-0.042003,-0.096752
0.120849,-0.046921,-0.116145
0.169555,-0.030495,-0.174488
0.150117,-0.076744,-0.151968
0.170070,-0.043981,-0.127655
0.170306,-0.064388,-0.130293
0.167909,-0.064435,-0.140335
-0.143976,-0.006374,-0.112713
-0.162091,-0.011718,-0.122134
-0.143464,-0.007381,-0.118217
-0.138805,-0.011577,-0.113042
-0.149984,-0.010029,-0.112656
-0.134420,-0.002479,-0.124673
-0.140631,-0.013970,-0.120658
-0.145398,-0.005841,-0.140773
-0.136498,-0.009872,-0.127101
-0.132335,-0.002416,-0.128554
-0.135829,-0.014992,-0.127049
-0.142369,-0.013116,-0.125954
0.019950,-0.027434,-0.144869
0.000075,-0.015423,-0.146553
0.024925,-0.025561,-0.140803
0.020007,-0.017723,-0.134444
0.011378,-0.017137,-0.133929
0.037596,-0.018076,-0.131221
0.021049,-0.026844,-0.146219
0.030881,-0.024430,-0.165939
0.020020,-0.035164,-0.175157
0.037763,-0.020864,-0.160352
0.042975,-0.028097,-0.144645
0.028649,-0.024297,-0.155522
-0.110525,-0.064078,-0.116778
-0.114554,-0.069518,-0.119336
-0.120955,-0.064351,-0.108817
-0.101799,-0.061075,-0.120811
-0.116825,-0.070642,-0.110664
-0.103588,-0.062841,-0.114405
-0.109319,-0.060047,-0.128161
-0.108627,-0.063493,-0.139582
-0.102483,-0.056437,-0.132576
-0.099338,-0.062929,-0.133812
-0.095426,-0.072887,-0.120869
-0.107329,-0.070000,-0.116387
0.008355,-0.082788,-0.161289
-0.035184,-0.080612,-0.178266
-0.009961,-0.082137,-0.146300
0.007672,-0.078717,-0.155403
-0.016254,-0.095775,-0.154725
0.021863,-0.083411,-0.144795
-0.006682,-0.088514,-0.168922
-0.021810,-0.076325,-0.232030
0.022636,-0.090792,-0.207738
0.029155,-0.076539,-0.187935
0.050744,-0.087843,-0.177255
0.018553,-0.088958,-0.164842
-0.082438,-0.037937,-0.061762
-0.148685,-0.060208,-0.050658
-0.084741,-0.113340,-0.009569
-0.073331,-0.059257,-0.019128
-0.101181,-0.086891,0.022900
-0.028118,-0.042046,0.005092
-0.106748,-0.013515,-0.039405
-0.120858,-0.019176,-0.089104
-0.081169,-0.079533,-0.072393
-0.046244,-0.023063,-0.045271
-0.041468,-0.094155,-0.024436
-0.034825,-0.050600,-0.066297
0.078991,-0.005642,-0.064027
0.002182,-0.053478,-0.063762
0.074003,-0.095205,0.004684
0.096082,-0.035917,0.001507
0.052138,-0.063592,0.043155
0.166150,-0.017188,0.044854
0.059683,-0.000586,-0.006663
0.038978,-0.019398,-0.127127
0.094617,-0.089678,-0.109173
0.190585,0.035089,-0.047819
0.207044,-0.096331,-0.007584
0.161812,-0.019517,-0.053647
0.064537,-0.104179,-0.118509
0.039140,-0.115220,-0.127716
0.053920,-0.105934,-0.119957
0.060017,-0.099341,-0.115402
0.046448,-0.112185,-0.111113
0.067545,-0.097894,-0.121056
0.059633,-0.103782,-0.124811
0.059367,-0.106926,-0.146333
0.066748,-0.115143,-0.145260
0.065272,-0.087580,-0.133324
0.079262,-0.120448,-0.129598
0.075161,-0.105951,-0.131993
0.018999,-0.104468,-0.121735
-0.002585,-0.109903,-0.113370
0.007258,-0.113462,-0.085375
0.003853,-0.109842,-0.113328
0.000946,-0.113351,-0.082896
0.056532,-0.116386,-0.088046
0.024920,-0.108579,-0.119675
-0.005913,-0.109889,-0.133309
0.018940,-0.110178,-0.135833
0.028181,-0.098239,-0.136088
0.045859,-0.109744,-0.109017
0.038329,-0.102283,-0.120706
