0.000000,0.000000,0.000000
-0.135030,0.007500,-0.809806
-0.031143,0.035594,0.107216
0.786236,-0.095008,0.069072
0.147158,-0.160569,-0.118472
0.010074,0.047701,0.116277
0.042542,-0.081156,0.067197
-0.073192,-0.164240,-0.000030
0.000000,0.000000,0.000000
0.208241,-0.069647,-0.298388
0.350481,0.033120,0.001454
0.150257,-0.062513,0.317126
0.343087,-0.006195,0.250836
0.000000,0.000000,0.000000
0.062564,0.027679,0.566847
0.871507,-0.081104,0.022778
0.000000,0.000000,0.000000
0.346185,-0.138411,0.064464
0.000000,0.000000,0.000000
0.214829,-0.088160,-0.356112
0.129688,-0.163901,-0.167812
0.357199,-0.068372,-0.368688
0.000000,0.000000,0.000000
-0.042078,0.026299,0.675734
-0.108290,-0.044782,0.095708
0.077353,0.053403,0.061079
0.433227,-0.102480,-0.101366
0.210376,-0.147446,-0.103865
0.000000,0.000000,0.000000
0.000000,0.000000,0.000000
0.417422,-0.129845,0.072847
0.054128,0.015467,0.331343
0.331943,-0.119612,0.081049
0.000000,0.000000,0.000000
0.282421,-0.048453,-0.107459
0.129167,-0.029316,-0.317291
-0.093944,0.028278,-0.578702
0.185954,0.021716,0.263829
0.148590,-0.188168,0.135102
0.611866,-0.161558,0.021242
0.000000,0.000000,0.000000
0.746243,-0.142811,-0.060514
0.236153,0.003204,0.257606
0.800036,-0.061238,-0.063170
0.000000,0.000000,0.000000
0.000000,0.000000,0.000000
0.592990,-0.059779,0.097765
0.166191,0.078008,-0.016043
0.345013,0.002787,0.335561
-0.130526,0.019321,0.751111
0.132083,-0.033977,-0.290446
0.000000,0.000000,0.000000
0.207877,-0.082223,0.344908
0.219255,0.022680,-0.156148
0.140779,0.017993,-0.235196
0.017468,0.012421,-0.516682
0.157287,0.022992,0.058944
0.038740,0.014113,0.400835
0.253728,0.020284,0.047019
0.000000,0.000000,0.000000
0.000000,0.000000,0.000000
-0.092121,-0.090659,-0.072413
-0.072437,0.032183,-0.412326
-0.135186,0.008229,0.775794
-0.087044,0.023096,0.295750
0.000000,0.000000,0.000000
-0.009454,0.010624,0.700052
0.220062,-0.157991,0.030303
0.165515,-0.088394,-0.297320
0.212824,-0.062097,-0.368844
0.147966,0.019737,0.086699
0.000000,0.000000,0.000000
-0.083295,0.020909,-0.057181
0.191578,-0.086572,0.269921
0.000000,0.000000,0.000000
0.075557,0.050044,0.336680
0.110837,0.065745,-0.076475
0.142810,-0.153018,-0.111781
0.127032,0.042624,-0.393162
0.178247,0.038640,0.319418
0.149137,-0.018459,-0.345775
0.000000,0.000000,0.000000
0.045406,0.013332,-0.534673
0.000000,0.000000,0.000000
0.391177,-0.110135,0.086803
0.423827,-0.063789,0.098338
-0.183381,0.012213,-0.710267
0.000000,0.000000,0.000000
-0.003830,0.045202,0.297260
0.296975,-0.133490,-0.105688
0.000000,0.000000,0.000000
0.787616,-0.034211,0.027725
0.150257,-0.062513,0.317126
0.000000,0.000000,0.000000
0.347148,-0.039158,0.239536
0.161921,0.057751,-0.219522
0.017677,0.026143,-0.651449
0.415886,-0.161584,-0.032342
0.144971,-0.017261,0.273046
0.083524,-0.128934,-0.084832
0.058112,0.045097,0.407006
0.327725,-0.095190,0.334337
0.060065,-0.064414,-0.109672
0.842658,-0.074464,-0.047704
0.067147,0.023148,0.572627
0.371571,-0.133152,-0.081422
0.000000,0.000000,0.000000
0.000000,0.000000,0.000000
-0.072437,0.032183,-0.412326
0.720050,-0.213215,-0.028671
0.080269,-0.029238,0.090474
0.000000,0.000000,0.000000
0.208111,0.075352,-0.043850
0.256305,0.055799,-0.104412
0.716170,-0.168744,-0.018464
0.036137,0.021612,-0.646841
0.003512,-0.159215,-0.038513
0.044989,0.012890,0.089615
0.298303,-0.109927,-0.334839
0.388964,0.044056,-0.040049
0.182517,0.015207,-0.309740
0.528965,-0.160282,0.024523
-0.137842,0.020571,-0.623694
0.202695,0.019113,0.048633
0.081832,0.015181,-0.459244
-0.042703,0.032105,0.111356
0.440908,-0.083786,0.096020
0.099485,0.000887,0.058709
-0.074052,0.018149,0.068343
0.239147,-0.087301,-0.357986
0.311738,-0.036815,-0.245429
0.123673,-0.062539,0.282862
-0.009871,0.009297,0.069567
-0.193353,0.011588,-0.818060
0.000000,0.000000,0.000000
0.013172,0.002449,-0.062441
0.098313,0.018670,0.168065
-0.056086,0.031064,0.187801
0.196394,-0.022703,0.315668
0.368290,0.017576,-0.061972
-0.012396,0.030803,0.106878
0.000000,0.000000,0.000000
0.167259,0.020180,-0.296747
0.231154,-0.075610,0.302415
0.769728,-0.084020,0.073603
0.844533,-0.071366,0.032672
0.105317,-0.077146,-0.072152
-0.042990,-0.086624,0.069723
-0.062361,0.024919,-0.707663
0.117216,0.041114,-0.416700
0.283800,-0.023432,0.242374
0.000000,0.000000,0.000000
0.063059,0.019998,0.178141
0.000000,0.000000,0.000000
0.293460,0.064912,-0.070694
0.769728,-0.084020,0.073603
0.149970,-0.158408,-0.164011
-0.065407,-0.147628,0.047513
-0.035205,-0.058894,-0.108917
0.000000,0.000000,0.000000
0.221442,0.009895,-0.345697
-0.096209,0.045957,0.079409
0.000000,0.000000,0.000000
0.000000,0.000000,0.000000
0.000000,0.000000,0.000000
-0.072724,0.027965,0.239015
0.080374,-0.115473,-0.116754
0.000000,0.000000,0.000000
0.351445,-0.101048,0.278566
0.845965,-0.126851,0.040145
0.000000,0.000000,0.000000
0.116018,0.016899,-0.276855
0.000000,0.000000,0.000000
0.000000,0.000000,0.000000
0.000000,0.000000,0.000000
-0.195618,0.008385,-0.844018
0.304812,-0.078526,0.242114
0.166035,-0.040772,0.255757
0.208293,-0.023510,0.324130
-0.042078,0.026299,0.675734
0.207851,-0.036086,-0.342312
0.000000,0.000000,0.000000
0.000000,0.000000,0.000000
0.000000,0.000000,0.000000
0.000000,0.000000,0.000000
-0.166301,0.013593,0.576689
0.000000,0.000000,0.000000
0.000000,0.000000,0.000000
-0.071682,-0.092899,-0.087827
-0.036897,0.033589,-0.009091
0.228446,-0.090868,0.345559
0.000000,0.000000,0.000000
0.003512,-0.159215,-0.038513
-0.054732,0.018305,0.418332
0.000000,0.000000,0.000000
0.157573,0.024580,-0.390402
0.156402,-0.197515,-0.129616
0.286248,-0.030149,-0.381420
0.160047,-0.153721,-0.096289
0.126459,0.008073,-0.094883
0.167962,-0.008591,0.078862
-0.029398,-0.128100,0.095578
0.080113,0.015858,0.515867
0.274141,-0.028717,-0.326299
0.047671,0.050487,0.318871
-0.068219,0.028902,0.623165
0.000000,0.000000,0.000000
-0.117924,0.010833,0.681592
0.000000,0.000000,0.000000
0.116331,0.009245,-0.098085
0.000000,0.000000,0.000000
0.049025,-0.003435,-0.035597
0.000000,0.000000,0.000000
0.111644,0.051919,0.302546
0.521127,-0.059675,-0.109021
0.000000,0.000000,0.000000
0.133932,0.050982,-0.072152
0.000000,0.000000,0.000000
0.349283,-0.144738,0.069332
0.323559,-0.001248,0.284893
0.158198,-0.097455,0.092297
0.098652,0.016327,-0.450261
-0.145002,0.007500,0.808158
0.263466,-0.002108,0.302415
0.016817,-0.015048,0.084069
0.000000,0.000000,0.000000
0.000000,0.000000,0.000000
-0.064835,0.025778,-0.247798
-0.086393,0.023070,-0.297581
0.000000,0.000000,0.000000
0.000000,0.000000,0.000000
0.000000,0.000000,0.000000
0.228941,-0.158355,0.051341
0.263518,-0.068215,-0.367828
0.160047,-0.153721,-0.096289
0.058320,0.049107,0.350376
0.222770,0.012109,-0.333720
0.387844,0.033615,-0.002478
0.000000,0.000000,0.000000
0.238991,0.024346,-0.138859
-0.146643,0.010026,0.741190
0.036736,0.047857,0.111304
0.425494,-0.154736,-0.049813
0.000000,0.000000,0.000000
0.085321,0.016144,0.497875
0.109900,0.018305,0.309810
0.000000,0.000000,0.000000
0.000000,0.000000,0.000000
0.000000,0.000000,0.000000
0.218526,-0.017339,0.246722
-0.042911,0.035412,-0.524363
0.047697,0.026924,0.068890
0.074567,0.016118,-0.567219
0.000000,0.000000,0.000000
0.085555,0.024971,0.311685
0.058086,0.057517,-0.115087
-0.135499,0.006615,0.823467
0.149502,-0.053166,0.262136
-0.074052,0.018149,0.068343
0.000000,0.000000,0.000000
0.823573,-0.142343,-0.044866
0.000000,0.000000,0.000000
0.000000,0.000000,0.000000
0.018067,-0.034810,-0.104126
0.599108,0.013515,-0.067544
0.206991,-0.099538,-0.293102
-0.077931,0.023409,-0.728154
0.207877,-0.082223,0.344908
0.138540,-0.193870,-0.127767
0.059049,-0.097585,-0.108344
0.327178,-0.104589,0.302077
0.000000,0.000000,0.000000
0.000000,0.000000,0.000000
0.019603,-0.150727,-0.092904
0.331787,-0.092222,0.317465
0.000000,0.000000,0.000000
0.000000,0.000000,0.000000
0.265288,-0.122971,-0.112197
-0.142867,0.007188,0.873172
0.000000,0.000000,0.000000
0.179236,0.037000,-0.071189
-0.096079,0.013619,0.587182
-0.074833,0.024580,-0.269148
0.354751,-0.031269,-0.259593
0.000000,0.000000,0.000000
0.202695,-0.091493,0.090084
-0.055930,0.008802,0.710207
0.010074,0.047701,0.116277
0.000000,0.000000,0.000000
0.004476,0.011275,-0.640696
0.000000,0.000000,0.000000
0.106020,0.016665,-0.278235
0.250707,0.025700,0.130962
0.399613,0.017733,0.000204
-0.037157,0.071968,-0.043434
0.331943,-0.119612,0.081049
0.000000,0.000000,0.000000
-0.069365,0.018305,0.049753
0.000000,0.000000,0.000000
-0.071682,-0.092899,-0.087827
0.000000,0.000000,0.000000
0.000000,0.000000,0.000000
0.000000,0.000000,0.000000
0.396254,-0.013954,-0.094440
0.000000,0.000000,0.000000
0.495872,0.032079,-0.021146
0.072615,0.014999,-0.501086
0.259274,-0.009007,0.350896
0.342644,-0.123414,-0.089259
0.000000,0.000000,0.000000
0.000000,0.000000,0.000000
0.058112,0.045097,0.407006
0.000000,0.000000,0.000000
0.000000,0.000000,0.000000
-0.069443,0.022914,-0.736538
-0.024399,0.036349,0.071389
0.051837,0.036661,-0.519155
0.270678,-0.047126,-0.250115
0.000000,0.000000,0.000000
0.000000,0.000000,0.000000
0.018093,0.025492,-0.164948
0.404091,-0.127658,-0.083192
0.269819,-0.087951,0.077664
-0.057180,0.035047,0.397737
0.000000,0.000000,0.000000
0.014162,0.022523,-0.681313
0.339389,0.055278,-0.071866
0.156402,-0.197515,-0.129616
0.385345,-0.143228,0.056600
0.187646,0.044967,-0.293284
0.125600,0.019451,0.112632
0.312467,0.012890,-0.304506
0.255498,0.004245,-0.057598
0.877834,-0.090060,0.025096
0.232013,-0.061524,-0.372176
0.042073,-0.025775,-0.100220
0.000000,0.000000,0.000000
0.080269,-0.029238,0.090474
-0.057206,0.026663,-0.186767
0.669382,0.007786,-0.072777
0.329886,0.009817,0.341549
0.106280,0.016405,0.301660
0.144971,-0.017261,0.273046
0.000000,0.000000,0.000000
0.172258,-0.174030,-0.171093
0.000000,0.000000,0.000000
0.000000,0.000000,0.000000
0.140675,-0.063112,-0.297086
0.000000,0.000000,0.000000
0.000000,0.000000,0.000000
0.064439,0.058767,0.086178
0.000000,0.000000,0.000000
0.317076,-0.108677,0.324313
0.365817,-0.026713,-0.100637
0.115471,-0.029629,-0.337730
0.288461,-0.102402,-0.105948
0.000000,0.000000,0.000000
0.281770,-0.163302,-0.018594
0.170435,0.057856,-0.211945
0.146351,-0.031503,-0.334787
0.169030,-0.038455,0.350636
0.406070,-0.162912,-0.021823
0.239277,-0.074360,0.360348
0.062929,-0.119482,-0.116728
0.000000,0.000000,0.000000
0.882078,-0.139739,-0.023698
-0.050462,0.010624,0.606423
0.010334,0.042364,0.060298
0.069985,0.063532,-0.107927
0.400706,0.011822,0.058579
-0.069521,0.030595,-0.304272
0.028768,0.012838,0.484987
-0.117924,0.010833,0.681592
-0.163983,0.013697,0.659096
0.344961,-0.084827,0.095890
0.712577,-0.005857,0.062953
0.593016,-0.156429,0.034313
0.240189,-0.108234,-0.325648
0.000000,0.000000,0.000000
0.000000,0.000000,0.000000
0.310827,-0.019422,0.086204
0.000000,0.000000,0.000000
0.000000,0.000000,0.000000
0.517456,-0.092326,-0.105766
0.306609,-0.113233,0.095708
0.060221,0.067541,0.088001
0.166842,0.074025,0.055689
-0.064053,0.025596,0.134972
0.139165,0.017837,0.242661
0.544587,0.007370,0.064672
0.167311,0.046686,-0.314140
0.329834,-0.041814,0.293953
-0.000263,-0.147602,0.051940
-0.054732,0.018305,0.418332
0.271589,0.027210,-0.102902
0.365817,-0.026713,-0.100637
0.000000,0.000000,0.000000
0.000000,0.000000,0.000000
-0.024035,0.030256,-0.129564
0.056680,0.075248,0.043738
0.000000,0.000000,0.000000
-0.017343,0.068453,-0.075511
0.599108,0.013515,-0.067544
0.000000,0.000000,0.000000
-0.103239,0.020336,-0.310417
0.359073,-0.011116,0.252555
0.162468,-0.086962,0.317959
0.059804,0.077540,0.015332
-0.062231,0.012239,0.567055
0.247895,-0.022729,0.243806
0.000000,0.000000,0.000000
0.000000,0.000000,0.000000
0.417631,-0.163875,0.002808
-0.081707,0.011978,0.602179
-0.045177,0.008802,0.753766
0.000000,0.000000,0.000000
0.000000,0.000000,0.000000
0.000000,0.000000,0.000000
0.228446,-0.090868,0.345559
0.000000,0.000000,0.000000
0.199337,0.062334,-0.143624
0.656311,-0.053505,-0.108162
-0.128469,0.017681,-0.424875
0.261070,-0.137708,0.096489
0.000000,0.000000,0.000000
0.132786,-0.070377,0.303821
0.000000,0.000000,0.000000
-0.056477,0.033199,0.533494
-0.087877,0.011666,-0.631114
0.140884,0.018253,-0.190647
0.221442,0.009895,-0.345697
0.325434,0.030881,-0.030571
0.349700,-0.007211,-0.270841
0.000000,0.000000,0.000000
0.255498,0.004245,-0.057598
0.333401,0.019217,0.282705
0.000000,0.000000,0.000000
0.000000,0.000000,0.000000
0.140779,0.017993,-0.235196
0.246151,-0.155830,0.042566
-0.048457,0.035932,0.286559
-0.063793,-0.141197,0.079383
0.000000,0.000000,0.000000
0.359308,-0.089279,-0.343822
0.324939,-0.023666,0.312830
0.000000,0.000000,0.000000
0.003512,-0.159215,-0.038513
0.000000,0.000000,0.000000
0.000000,0.000000,0.000000
0.015906,0.037781,-0.523347
0.360245,0.008698,-0.074105
0.099797,0.018227,-0.193016
0.000000,0.000000,0.000000
0.000000,0.000000,0.000000
-0.092121,0.020727,0.435959
0.170488,0.066005,-0.102694
0.219177,-0.102949,0.321474
0.247088,0.023929,0.065245
0.158276,-0.161558,0.021320
0.239043,0.016457,0.052252
-0.095897,0.025413,-0.375639
0.000000,0.000000,0.000000
0.268230,-0.092951,-0.353899
-0.143701,0.016066,0.482878
0.167676,0.026455,0.310279
0.274141,-0.028717,-0.326299
0.041995,0.024997,-0.125971
0.208371,0.067255,-0.085978
0.297105,-0.099225,-0.282687
0.000000,0.000000,0.000000
0.158198,-0.097455,0.092297
0.000000,0.000000,0.000000
-0.016640,0.001824,-0.044840
0.405471,0.022732,-0.022760
0.125756,0.019165,0.440229
0.282056,0.051945,-0.098163
0.360271,-0.001639,-0.084520
0.297860,-0.164839,-0.004821
0.105916,0.041582,0.414557
0.000000,0.000000,0.000000
0.000000,0.000000,0.000000
0.000000,0.000000,0.000000
0.274141,-0.028717,-0.326299
0.033064,0.013723,-0.434926
0.245370,0.000861,0.028533
0.195092,0.048951,0.251357
0.142862,0.038458,0.385083
0.492773,-0.068268,-0.109411
0.033273,-0.087769,-0.106730
0.000000,0.000000,0.000000
0.450307,0.020753,-0.057546
0.359308,-0.089279,-0.343822
-0.116284,0.019477,-0.420241
0.000000,0.000000,0.000000
0.031841,0.021248,-0.056348
0.289034,0.010885,0.055949
0.000000,0.000000,0.000000
0.337749,-0.054182,0.313403
0.000000,0.000000,0.000000
0.000000,0.000000,0.000000
0.000000,0.000000,0.000000
-0.116284,0.019477,-0.420241
0.821126,-0.136198,-0.052312
0.107921,-0.160282,0.054127
-0.040881,0.036219,0.489335
0.311738,-0.036815,-0.245429
0.000000,0.000000,0.000000
-0.130292,0.015572,0.600747
0.201315,-0.076313,-0.265581
0.019603,-0.150727,-0.092904
0.219437,0.059991,-0.147399
-0.062413,0.011848,-0.068039
0.110837,0.065745,-0.076475
0.233757,-0.093055,0.303952
0.069855,-0.153330,-0.053380
0.000000,0.000000,0.000000
0.151871,0.076576,-0.047209
0.047932,0.001043,0.054491
0.324626,-0.146795,-0.084911
-0.036637,-0.117998,-0.107042
0.081337,0.047545,-0.380534
0.234460,-0.051734,-0.264696
0.015906,0.037781,-0.523347
-0.172497,0.012760,-0.630646
0.331032,-0.004503,-0.334631
-0.163983,0.013697,0.659096
0.000000,0.000000,0.000000
0.045406,0.013332,-0.534673
-0.092252,-0.018224,0.085684
-0.017343,0.068453,-0.075511
-0.000185,-0.162261,0.015748
0.718722,-0.198192,-0.044709
0.306218,-0.084306,0.061782
0.000000,0.000000,0.000000
0.000000,0.000000,0.000000
0.329834,-0.041814,0.293953
0.303042,-0.150336,0.071025
0.646157,-0.018771,-0.097174
0.056550,0.025309,-0.046089
0.159083,-0.089123,0.300306
0.212824,-0.062097,-0.368844
0.274141,-0.087092,0.278513
0.000000,0.000000,0.000000
-0.060070,0.010755,-0.622965
-0.059237,0.026064,0.680160
0.237715,-0.002498,-0.281307
0.331787,-0.092222,0.317465
0.406070,-0.162912,-0.021823
0.000000,0.000000,0.000000
0.000000,0.000000,0.000000
0.123022,0.051216,-0.315494
0.684041,-0.154632,-0.049709
0.000000,0.000000,0.000000
0.000000,0.000000,0.000000
0.000000,0.000000,0.000000
-0.089101,0.012890,0.846510
-0.054732,0.018305,0.418332
0.085295,0.041661,0.430361
0.226103,0.054262,-0.185778
0.000000,0.000000,0.000000
0.000000,0.000000,0.000000
0.000000,0.000000,0.000000
0.246203,-0.100866,-0.288624
0.000000,0.000000,0.000000
0.347070,0.056215,0.051315
0.456660,-0.066237,0.098442
-0.057492,0.008151,-0.808478
0.000000,0.000000,0.000000
0.000000,0.000000,0.000000
0.001065,0.021612,-0.706517
0.027440,0.012864,-0.647804
-0.028122,-0.117347,0.082872
0.108025,-0.083499,0.077586
0.000000,0.000000,0.000000
0.324626,-0.146795,-0.084911
0.425494,-0.154736,-0.049813
0.085633,0.016717,0.529250
0.139321,-0.194078,-0.173124
0.000000,0.000000,0.000000
0.000000,0.000000,0.000000
0.214829,-0.088160,-0.356112
-0.042261,0.037260,0.457908
0.000000,0.000000,0.000000
0.105473,-0.051239,-0.330335
0.017911,0.032574,-0.585862
0.366832,-0.039783,0.246905
-0.073192,-0.164240,-0.000030
0.069985,0.063532,-0.107927
0.000000,0.000000,0.000000
0.331995,0.021560,0.311346
0.256748,-0.127371,-0.086056
0.155204,0.019087,-0.290238
0.249249,-0.085686,0.344335
-0.041584,0.018175,0.400861
0.786236,-0.095008,0.069072
0.019603,-0.150727,-0.092904
0.000000,0.000000,0.000000
0.351002,-0.024942,0.249612
0.038845,0.053481,0.193581
0.104119,0.056397,-0.257536
-0.085195,0.011900,-0.069705
0.177856,0.020102,-0.225614
0.358240,-0.156194,-0.046168
0.221468,-0.100892,-0.331246
0.157860,0.032756,0.114194
0.000000,0.000000,0.000000
0.202149,-0.163745,0.003797
-0.187339,0.006641,0.873745
-0.045307,0.017863,0.413567
-0.015260,0.010833,-0.605129
0.000000,0.000000,0.000000
0.000000,0.000000,0.000000
0.000000,0.000000,0.000000
0.202331,0.021560,0.169184
0.227040,0.057491,0.147391
0.307546,0.009609,0.270051
0.277291,-0.102350,-0.288832
0.248390,0.060589,-0.099778
0.180720,0.064287,-0.135292
0.265184,0.016665,-0.063222
0.342644,-0.123414,-0.089259
0.000000,0.000000,0.000000
0.599941,-0.001040,0.072795
0.001065,0.021612,-0.706517
-0.036897,0.033589,-0.009091
0.000000,0.000000,0.000000
0.062877,-0.010960,0.080789
0.009944,0.047623,0.295438
0.628087,-0.161298,0.021945
-0.130916,0.017785,0.473348
0.000000,0.000000,0.000000
0.326527,-0.040772,-0.290499
0.131484,0.071291,-0.085770
-0.031976,0.031793,-0.609634
0.000000,0.000000,0.000000
0.016817,-0.015048,0.084069
0.271771,-0.073110,-0.264696
0.104744,0.063167,0.061756
0.000000,0.000000,0.000000
0.501365,0.024034,-0.049292
0.000000,0.000000,0.000000
0.000000,0.000000,0.000000
0.116227,-0.004815,0.023533
0.077353,0.053403,0.061079
0.250864,0.000548,-0.035284
0.075427,0.070067,0.077768
0.176320,-0.150076,-0.059785
0.000000,0.000000,0.000000
0.085555,0.024971,0.311685
-0.040907,0.010859,-0.602291
0.264064,-0.042152,-0.373166
0.000000,0.000000,0.000000
0.163822,-0.007627,0.331733
0.319263,-0.097585,-0.103501
-0.014531,0.010677,-0.084286
0.121720,-0.150180,-0.059681
0.247036,0.052648,0.149266
0.006975,0.067906,-0.085588
0.107947,0.020440,-0.110687
0.062564,0.027679,0.566847
0.000000,0.000000,0.000000
0.000000,0.000000,0.000000
0.000000,0.000000,0.000000
0.075375,0.005756,0.073837
0.109665,0.016769,0.261485
0.274141,-0.087092,0.278513
0.030747,0.063271,0.093469
0.083446,0.015572,0.481263
0.029862,-0.164214,-0.011460
0.000000,0.000000,0.000000
-0.153699,0.015936,-0.804130
0.000000,0.000000,0.000000
0.000000,0.000000,0.000000
0.190119,-0.045329,0.095786
0.000000,0.000000,0.000000
0.000000,0.000000,0.000000
0.119689,-0.111853,-0.097304
0.000000,0.000000,0.000000
0.000000,0.000000,0.000000
0.000000,0.000000,0.000000
0.000000,0.000000,0.000000
-0.123834,0.021846,-0.523269
0.000000,0.000000,0.000000
-0.071682,-0.092899,-0.087827
0.328324,0.066187,-0.034711
0.000000,0.000000,0.000000
0.225972,-0.083447,0.074436
0.894394,-0.118415,-0.032863
0.544587,0.007370,0.064672
0.000000,0.000000,0.000000
0.048791,0.015233,0.345533
-0.045177,0.008802,0.753766
0.691305,-0.080088,-0.105298
-0.006616,0.011067,0.732546
0.344831,-0.161402,-0.032941
0.378393,-0.139374,0.063162
-0.128469,0.017681,-0.424875
0.612647,0.022393,0.042202
0.259430,-0.141848,-0.071033
0.000000,0.000000,0.000000
0.000000,0.000000,0.000000
0.130443,0.018826,-0.148649
-0.122038,0.015988,0.823832
0.172258,-0.174030,-0.171093
-0.060877,0.009062,0.688127
-0.063689,0.034292,-0.402327
0.000000,0.000000,0.000000
0.098313,0.018670,0.168065
0.191213,-0.028014,0.249248
0.000000,0.000000,0.000000
0.075114,0.015728,-0.321170
0.244979,0.013124,-0.313671
0.344857,-0.139713,-0.091680
0.348216,-0.014085,-0.362178
0.218526,-0.017339,0.246722
0.162312,0.022107,-0.377019
0.061497,0.014426,0.093989
-0.063220,0.033094,0.317074
0.261070,-0.137708,0.096489
0.012730,0.044967,-0.395219
0.085008,0.040437,0.442130
0.089226,0.061162,0.135649
0.000000,0.000000,0.000000
-0.064835,0.025778,-0.247798
0.306609,-0.113233,0.095708
0.026790,0.075274,-0.046142
0.000000,0.000000,0.000000
0.000000,0.000000,0.000000
0.280858,-0.146691,0.053190
0.000000,0.000000,0.000000
0.282056,0.051945,-0.098163
0.170435,0.057856,-0.211945
0.026790,0.075274,-0.046142
0.000000,0.000000,0.000000
-0.011277,0.022133,0.267526
-0.035569,-0.163901,-0.013934
0.000000,0.000000,0.000000
0.225400,0.017472,0.317595
-0.000497,0.031819,-0.084286
0.345612,-0.048714,-0.370718
0.559141,-0.163042,-0.020703
-0.004351,0.025596,-0.045308
-0.042703,0.032105,0.111356
-0.018957,0.010260,0.647744
0.171399,0.019529,0.127317
-0.146252,0.015545,0.493058
0.000000,0.000000,0.000000
0.339051,0.008542,-0.321847
0.000000,0.000000,0.000000
0.293460,0.064912,-0.070694
-0.021900,0.010052,-0.690244
-0.095897,0.025413,-0.375639
0.103156,0.017733,-0.213012
0.336577,-0.060977,0.295047
-0.039579,0.011249,0.572653
0.000000,0.000000,0.000000
0.000000,0.000000,0.000000
0.360245,0.008698,-0.074105
0.448875,-0.016324,0.084850
0.021244,0.050044,-0.110843
-0.005470,-0.044261,0.095630
0.223733,-0.076313,-0.290967
0.000000,0.000000,0.000000
0.083524,-0.128934,-0.084832
-0.087044,0.023096,0.295750
0.127032,0.042624,-0.393162
0.000000,0.000000,0.000000
0.634024,-0.087353,-0.106782
0.274141,-0.094305,0.319730
0.001846,0.009505,-0.084806
0.121408,-0.056915,-0.297893
0.023821,0.046269,0.375059
0.264976,-0.045459,0.234094
0.075348,0.015441,0.331004
0.000000,0.000000,0.000000
0.000000,0.000000,0.000000
0.000000,0.000000,0.000000
0.205872,-0.060222,0.359488
0.362484,-0.136432,0.067171
-0.133390,0.015598,0.827451
0.716170,-0.168744,-0.018464
0.000000,0.000000,0.000000
0.327360,-0.016428,0.297182
0.180902,-0.004269,0.268255
0.220062,-0.157991,0.030303
0.000000,0.000000,0.000000
0.120028,-0.003930,-0.042132
0.252608,-0.111307,-0.314114
0.306609,-0.113233,0.095708
0.087117,0.015780,0.315772
0.000000,0.000000,0.000000
-0.096079,0.013619,0.587182
0.842658,-0.074464,-0.047704
0.000000,0.000000,0.000000
-0.068193,-0.088290,-0.106651
0.084592,0.023669,-0.548056
0.047671,0.050487,0.318871
0.559063,0.016144,-0.063925
0.353788,0.000106,-0.347363
0.075114,0.015728,-0.321170
0.127162,0.050435,0.309966
0.026790,0.075274,-0.046142
0.064491,-0.089956,0.095187
0.044989,0.012890,0.089615
0.000000,0.000000,0.000000
-0.122038,0.015988,0.823832
0.182413,0.022211,0.302415
0.203685,0.012603,-0.312994
0.000000,0.000000,0.000000
0.202695,-0.091493,0.090084
0.000000,0.000000,0.000000
0.296975,-0.133490,-0.105688
0.000000,0.000000,0.000000
0.330797,-0.068059,0.317517
0.000000,0.000000,0.000000
-0.115633,-0.155622,-0.047574
0.400706,0.011822,0.058579
0.000000,0.000000,0.000000
0.060065,-0.064414,-0.109672
0.308900,0.066187,0.043582
-0.112248,0.014530,0.597466
0.010074,0.047701,0.116277
0.251202,0.064599,0.062459
0.740749,-0.152419,0.035693
0.327855,-0.033482,0.348970
-0.041584,0.018175,0.400861
0.110446,0.045905,0.060532
-0.080613,0.015363,-0.534335
0.058060,0.041374,0.451998
0.000000,0.000000,0.000000
0.289034,0.010885,0.055949
0.000000,0.000000,0.000000
0.000000,0.000000,0.000000
0.329183,-0.049235,-0.308021
-0.165962,0.005990,0.868355
-0.039943,0.006354,0.049024
0.000000,0.000000,0.000000
0.166348,0.044056,0.114455
0.000000,0.000000,0.000000
0.000000,0.000000,0.000000
-0.137582,0.013098,-0.674127
0.278801,-0.111879,0.313195
-0.011745,0.041765,-0.125086
0.243495,0.056163,0.095109
0.000000,0.000000,0.000000
0.296454,-0.026765,0.241437
0.336343,-0.102376,-0.307501
0.191786,-0.076938,0.059256
-0.130656,0.014738,0.619702
0.000000,0.000000,0.000000
0.262060,0.037547,0.293250
0.190041,0.021143,0.214827
0.000000,0.000000,0.000000
0.153824,-0.158720,0.153067
0.482384,-0.139609,-0.074079
-0.016250,0.010416,0.638397
-0.027810,0.029631,0.141247
0.339051,0.008542,-0.321847
0.071052,0.014608,-0.423886
-0.036637,-0.117998,-0.107042
0.000000,0.000000,0.000000
0.142706,-0.004841,-0.023203
0.699012,0.003074,-0.071111
0.052931,0.015363,0.605278
0.306036,-0.125705,0.076154
0.000000,0.000000,0.000000
0.003460,0.011432,0.581297
0.000000,0.000000,0.000000
0.244146,0.028746,-0.070590
0.125756,0.019165,0.440229
0.770718,-0.016220,0.003719
0.591011,-0.094747,0.093469
0.000000,0.000000,0.000000
0.044989,0.012890,0.089615
0.191786,-0.076938,0.059256
0.000000,0.000000,0.000000
0.019812,0.019347,-0.277089
-0.011745,0.041765,-0.125086
0.323715,-0.007133,0.350428
0.000000,0.000000,0.000000
0.134635,-0.153434,0.139762
0.335145,-0.038872,-0.300497
0.755304,-0.098418,0.076232
0.021400,0.031714,0.012806
-0.061554,0.030413,0.222664
0.006403,0.035151,0.548986
-0.095480,0.032001,0.010385
-0.130630,0.016327,0.581324
0.024863,0.038328,0.503239
-0.122715,0.018045,0.524563
0.003460,0.011432,0.581297
0.208241,-0.069647,-0.298388
0.330797,-0.068059,0.317517
0.000000,0.000000,0.000000
0.040485,0.013280,0.584292
0.063137,0.014244,-0.444976
-0.119330,0.022315,0.487564
0.046786,0.014270,0.392894
0.132786,-0.070377,0.303821
0.327438,-0.052333,-0.108005
0.261799,-0.049781,0.369955
0.000000,0.000000,0.000000
0.000000,0.000000,0.000000
0.182673,0.015780,0.095942
-0.079051,0.030907,0.487877
-0.137842,0.020571,-0.623694
0.157860,0.032756,0.114194
0.000000,0.000000,0.000000
-0.056633,-0.158381,-0.040570
0.378861,-0.097976,-0.103319
-0.024607,0.031740,0.599107
0.060039,0.077045,-0.040127
0.668419,-0.164474,-0.009403
0.166348,0.044056,0.114455
-0.185204,0.012733,-0.781165
0.296454,-0.026765,0.241437
0.004476,0.011275,-0.640696
-0.009454,0.010624,0.700052
-0.089257,0.022888,0.326057
-0.050462,0.010624,0.606423
0.328636,-0.021297,0.246931
0.000000,0.000000,0.000000
0.004450,0.029267,0.620145
0.000000,0.000000,0.000000
0.212355,0.020180,0.047175
0.323845,-0.014657,-0.292686
0.317649,0.027653,0.028871
-0.080222,0.007552,0.845000
0.000000,0.000000,0.000000
-0.087903,0.020987,0.045743
0.222275,-0.049339,-0.251443
0.245370,0.000861,0.028533
0.176502,-0.043506,-0.262379
0.335406,0.061371,-0.055437
0.000000,0.000000,0.000000
0.333453,-0.002967,0.259298
0.071469,0.054861,0.256174
0.000000,0.000000,0.000000
0.000000,0.000000,0.000000
0.000000,0.000000,0.000000
0.017911,0.032574,-0.585862
0.231206,-0.139427,0.098312
-0.042573,0.009088,-0.724327
0.335562,-0.085634,-0.330856
0.147627,-0.175566,-0.122326
0.000000,0.000000,0.000000
0.000000,0.000000,0.000000
0.699012,0.003074,-0.071111
0.000000,0.000000,0.000000
0.000000,0.000000,0.000000
0.345013,0.002787,0.335561
-0.075822,-0.124169,-0.088660
0.000000,0.000000,0.000000
-0.068792,-0.016506,0.084955
-0.104489,-0.122945,-0.092435
-0.006616,0.011067,0.732546
0.130885,-0.194339,0.089485
0.196733,-0.049078,-0.259046
0.343087,-0.006195,0.250836
0.656311,-0.053505,-0.108162
0.237715,-0.002498,-0.281307
0.114742,0.029814,-0.475465
0.081337,0.047545,-0.380534
0.087091,0.049524,-0.354003
0.000000,0.000000,0.000000
0.239277,-0.074360,0.360348
-0.169555,0.011145,-0.759867
0.422812,-0.153252,0.042332
0.220192,-0.093211,-0.102590
0.186943,-0.074074,0.347459
0.174315,-0.059519,0.097739
0.000000,0.000000,0.000000
0.000000,0.000000,0.000000
0.000000,0.000000,0.000000
0.149137,-0.018459,-0.345775
0.239225,-0.084827,0.267239
0.359282,-0.101074,0.320121
0.000000,0.000000,0.000000
0.000000,0.000000,0.000000
0.000000,0.000000,0.000000
0.283748,0.043770,0.060402
0.444423,-0.141353,0.060454
0.000000,0.000000,0.000000
0.110837,0.065745,-0.076475
0.000000,0.000000,0.000000
-0.078192,-0.040486,-0.106365
0.021166,-0.046423,0.095942
0.354361,-0.094955,0.093365
0.043219,0.051164,-0.302814
0.000000,0.000000,0.000000
0.246776,-0.110343,0.299551
0.000000,0.000000,0.000000
0.184678,0.076915,0.026267
0.290466,0.049315,-0.088061
0.182230,-0.083629,0.267500
0.637695,-0.050510,0.096489
0.023379,-0.156845,0.054778
0.157287,0.022992,0.058944
0.022598,0.013645,0.431090
0.044338,0.053507,-0.233165
0.229565,-0.096830,0.338086
0.069959,0.014660,0.398362
0.249067,-0.102923,-0.314921
-0.056373,0.008594,0.726454
0.000000,0.000000,0.000000
0.152079,-0.085192,-0.322680
0.000000,0.000000,0.000000
0.582653,-0.046943,0.095994
0.000000,0.000000,0.000000
0.680422,-0.032415,0.089042
0.087091,0.049524,-0.354003
0.719946,-0.027988,-0.087697
0.371050,-0.058217,-0.108813
-0.002815,0.033094,-0.589143
0.154397,-0.083187,0.319730
0.110004,0.017681,0.200533
-0.082462,0.023174,0.718981
0.000000,0.000000,0.000000
0.256305,0.055799,-0.104412
-0.066032,0.024450,-0.137688
0.023379,-0.156845,0.054778
-0.002450,0.044342,0.117293
0.000000,0.000000,0.000000
-0.005470,-0.044261,0.095630
0.045094,0.023955,0.126874
0.669955,-0.097195,0.091802
0.246203,-0.100866,-0.288624
0.000000,0.000000,0.000000
0.029133,0.022523,-0.195255
0.198399,0.004480,0.271718
0.592990,-0.059779,0.097765
0.108025,-0.083499,0.077586
0.157079,0.025882,-0.313359
0.332203,-0.017730,-0.260296
0.182413,0.022211,0.302415
0.158328,-0.004321,-0.027343
0.000000,0.000000,0.000000
-0.068792,-0.016506,0.084955
0.467752,0.033120,0.001558
0.161921,0.057751,-0.219522
0.000000,0.000000,0.000000
0.621864,-0.129506,-0.084364
-0.151512,0.018462,0.655373
0.139269,-0.203373,-0.095117
0.000000,0.000000,0.000000
0.214829,-0.088160,-0.356112
0.320721,0.016301,-0.345176
0.000000,0.000000,0.000000
-0.019296,0.038770,-0.103527
-0.060070,0.010755,-0.622965
0.313717,-0.002264,-0.085041
0.368212,-0.085374,-0.107068
0.000000,0.000000,0.000000
0.714400,-0.193115,-0.017006
0.368290,0.017576,-0.061972
0.253936,0.028304,-0.110843
0.000000,0.000000,0.000000
0.254248,-0.064492,-0.313671
-0.135186,0.008229,0.775794
0.736375,-0.125861,-0.078427
0.063319,0.057100,-0.185153
0.239225,-0.084827,0.267239
0.368056,-0.097689,0.070088
0.000000,0.000000,0.000000
0.084592,0.023669,-0.548056
0.095423,-0.032987,0.092089
0.232794,-0.128569,0.073863
0.146742,-0.011507,0.081231
0.270938,-0.100215,0.292756
0.252608,-0.111307,-0.314114
0.000000,0.000000,0.000000
0.251515,-0.006977,-0.088842
0.261070,-0.137708,0.096489
0.000000,0.000000,0.000000
0.151715,-0.068866,0.336159
0.048739,-0.158434,-0.067700
0.307598,0.027653,-0.040153
0.147627,-0.175566,-0.122326
-0.079051,0.030907,0.487877
0.022519,0.044160,-0.424771
0.004137,0.037286,0.519720
-0.063220,0.033094,0.317074
-0.034449,0.014452,0.465511
0.000000,0.000000,0.000000
0.147627,-0.175566,-0.122326
0.000000,0.000000,0.000000
-0.016406,-0.147003,0.082221
0.000000,0.000000,0.000000
0.000000,0.000000,0.000000
0.127162,0.050435,0.309966
-0.142867,0.016196,-0.816185
0.212824,-0.062097,-0.368844
0.293460,0.064912,-0.070694
0.292262,-0.037544,-0.105324
0.000000,0.000000,0.000000
-0.183850,0.011484,0.726948
0.000000,0.000000,0.000000
-0.080613,0.015363,-0.534335
0.017182,0.012291,0.671542
0.000000,0.000000,0.000000
0.342644,-0.123414,-0.089259
-0.081316,0.009895,-0.672956
0.075140,0.047675,0.369825
0.624703,0.026741,0.031162
0.035043,0.011145,0.059490
0.248000,-0.131980,0.100316
0.719946,-0.027988,-0.087697
-0.042261,0.037260,0.457908
0.363916,-0.074126,-0.269617
0.000000,0.000000,0.000000
0.000000,0.000000,0.000000
0.000000,0.000000,0.000000
0.000000,0.000000,0.000000
0.000000,0.000000,0.000000
0.230763,0.026090,0.032829
0.103182,-0.144842,-0.066971
0.358787,-0.025645,0.353708
0.000000,0.000000,0.000000
-0.192286,0.006589,-0.880705
0.266408,0.024346,0.092557
0.125964,0.017785,0.368081
-0.142867,0.007188,0.873172
0.000000,0.000000,0.000000
0.037126,0.022289,0.172413
-0.147997,0.016978,0.775169
0.000000,0.000000,0.000000
0.000000,0.000000,0.000000
0.256774,-0.077276,-0.313671
0.000000,0.000000,0.000000
0.204284,-0.035331,-0.255739
0.000000,0.000000,0.000000
-0.075822,-0.124169,-0.088660
0.152626,-0.029342,0.342408
-0.051087,0.033094,-0.217335
-0.050462,0.010624,0.606423
0.409012,-0.078839,0.096697
0.000000,0.000000,0.000000
0.060039,0.077045,-0.040127
0.188609,-0.045303,-0.336610
0.719946,-0.027988,-0.087697
0.173638,0.019659,-0.202728
0.172779,-0.160204,-0.064706
0.000000,0.000000,0.000000
0.040980,-0.157028,0.067848
0.286196,0.071082,-0.030623
0.036736,0.047857,0.111304
0.110420,-0.038377,0.329963
0.149970,-0.158408,-0.164011
0.015385,0.049289,0.165513
-0.112326,0.007865,0.765145
-0.000679,0.014842,-0.419460
0.000000,0.000000,0.000000
-0.092252,-0.018224,0.085684
0.027440,0.012864,-0.647804
0.063606,0.035229,0.512950
0.378393,-0.139374,0.063162
0.342410,0.038718,0.073472
0.000000,0.000000,0.000000
-0.093085,0.027835,-0.463696
-0.007006,-0.000806,-0.025520
0.387844,0.033615,-0.002478
0.342644,-0.123414,-0.089259
0.348190,0.008151,0.307388
0.021244,0.050044,-0.110843
0.544587,0.007370,0.064672
0.000000,0.000000,0.000000
-0.183381,0.012213,-0.710267
0.263518,-0.068215,-0.367828
0.000000,0.000000,0.000000
0.205872,-0.060222,0.359488
0.324574,-0.060821,-0.323201
0.167311,0.046686,-0.314140
0.000000,0.000000,0.000000
0.043193,0.054028,-0.205410
0.210819,-0.094721,0.093495
0.246776,-0.110343,0.299551
0.111826,-0.016662,0.295542
0.000000,0.000000,0.000000
0.265288,-0.122971,-0.112197
0.190119,-0.045329,0.095786
0.072615,0.014999,-0.501086
-0.008308,0.044551,-0.241966
0.312467,0.012890,-0.304506
0.123986,-0.017834,0.295880
0.821126,-0.136198,-0.052312
0.303042,-0.150336,0.071025
0.157079,0.025882,-0.313359
0.139321,0.018566,0.154005
-0.147997,0.016978,0.775169
0.203555,0.021274,0.140596
0.745957,-0.085973,0.080268
0.136067,0.060824,-0.193407
0.275234,0.054601,0.061157
-0.080613,0.015363,-0.534335
0.000000,0.000000,0.000000
0.060039,0.077045,-0.040127
0.000000,0.000000,0.000000
0.335666,-0.114093,-0.102850
0.059049,-0.097585,-0.108344
0.000000,0.000000,0.000000
0.000000,0.000000,0.000000
0.082196,0.001407,0.058996
0.000000,0.000000,0.000000
-0.024686,0.010520,-0.619502
0.209283,-0.100475,-0.333407
0.000000,0.000000,0.000000
0.702032,-0.113676,-0.093971
0.083107,0.017160,0.539013
0.004007,0.047259,0.226778
0.084592,0.023669,-0.548056
-0.026925,-0.149919,-0.060019
0.004476,0.011275,-0.640696
0.668419,-0.164474,-0.009403
0.164004,-0.127215,-0.086186
0.171112,-0.192073,-0.127846
0.000000,0.000000,0.000000
0.294658,0.012629,-0.274043
0.000000,0.000000,0.000000
0.000000,0.000000,0.000000
0.191551,0.014816,-0.311901
0.000000,0.000000,0.000000
0.000000,0.000000,0.000000
0.139087,0.028356,-0.124903
0.000000,0.000000,0.000000
0.050405,-0.004425,0.004344
-0.029398,-0.128100,0.095578
0.124975,-0.141796,-0.071111
0.214907,-0.066133,0.327411
0.204049,0.021039,0.095369
-0.072724,0.027965,0.239015
0.000000,0.000000,0.000000
0.669955,-0.097195,0.091802
0.000000,0.000000,0.000000
0.441376,-0.151299,-0.058145
0.268361,-0.042855,0.244067
0.018067,-0.034810,-0.104126
0.000000,0.000000,0.000000
0.236309,0.042988,0.196914
0.046786,0.014270,0.392894
0.734448,-0.029030,0.068942
0.000000,0.000000,0.000000
0.277291,-0.102350,-0.288832
0.112477,0.050956,-0.072152
-0.107717,0.014270,-0.604114
0.201315,-0.076313,-0.265581
0.646157,-0.018771,-0.097174
-0.073297,0.023304,-0.173072
0.000000,0.000000,0.000000
0.276250,-0.060977,0.240786
0.271042,-0.073709,-0.362673
-0.087877,0.011666,-0.631114
0.042542,-0.081156,0.067197
0.001221,-0.096544,0.090240
0.039209,0.014452,-0.396599
-0.038303,0.030881,0.609990
0.259378,0.032235,-0.168828
0.000000,0.000000,0.000000
0.052931,0.015363,0.605278
0.085633,0.016717,0.529250
0.224020,-0.038637,-0.376212
0.000000,0.000000,0.000000
0.236309,0.042988,0.196914
0.000000,0.000000,0.000000
0.182048,-0.060951,-0.362152
0.000000,0.000000,0.000000
0.000000,0.000000,0.000000
0.365817,-0.026713,-0.100637
0.149398,-0.079958,-0.293128
0.541410,-0.025853,0.088990
0.000000,0.000000,0.000000
0.492773,-0.068268,-0.109411
0.000000,0.000000,0.000000
0.164004,-0.127215,-0.086186
-0.128469,0.017681,-0.424875
0.304656,0.017368,-0.301538
-0.073609,0.032391,0.424216
0.300959,-0.088602,0.355192
0.150257,-0.062513,0.317126
0.124975,-0.141796,-0.071111
0.000000,0.000000,0.000000
0.549924,-0.115967,0.083991
0.852604,-0.150310,0.003563
-0.169373,0.013306,0.618739
0.588615,0.022133,-0.054083
0.180876,0.077748,-0.016355
0.247036,0.052648,0.149266
0.692477,-0.155622,0.035771
0.316477,-0.053270,0.234849
0.000000,0.000000,0.000000
-0.143701,0.016066,0.482878
0.000000,0.000000,0.000000
0.114170,0.019633,-0.129226
0.176502,-0.043506,-0.262379
0.160047,-0.153721,-0.096289
0.365817,-0.026713,-0.100637
0.080374,-0.115473,-0.116754
0.630483,-0.155517,-0.047834
0.096048,0.017967,-0.207024
0.000000,0.000000,0.000000
0.496887,-0.163068,-0.020573
0.131484,0.071291,-0.085770
0.164369,0.067619,-0.073324
0.331032,-0.004503,-0.334631
0.161114,-0.153174,0.135727
0.165515,-0.088394,-0.297320
0.133932,-0.121643,0.107138
0.000000,0.000000,0.000000
-0.034528,0.031454,-0.026041
0.275234,0.054601,0.061157
0.000000,0.000000,0.000000
0.000000,0.000000,0.000000
0.153381,-0.001561,-0.307657
-0.076838,0.018097,0.468245
0.000000,0.000000,0.000000
0.309239,0.004298,-0.274564
-0.045359,0.013853,-0.820299
0.256618,-0.038481,-0.254073
0.228758,-0.076625,0.353370
0.147966,0.019737,0.086699
0.492773,-0.068268,-0.109411
0.191786,-0.076938,0.059256
0.163822,-0.007627,0.331733
0.116096,-0.160022,0.063735
0.000000,0.000000,0.000000
0.624859,0.027549,-0.040387
-0.169555,0.011145,-0.759867
0.000000,0.000000,0.000000
0.573852,-0.035305,0.093104
0.224020,-0.038637,-0.376212
0.239277,-0.074360,0.360348
0.000000,0.000000,0.000000
0.040485,0.013280,0.584292
0.249067,-0.102923,-0.314921
0.000000,0.000000,0.000000
-0.153699,0.015936,-0.804130
-0.096782,0.004610,0.068265
0.019603,-0.150727,-0.092904
0.240189,-0.108234,-0.325648
-0.165780,0.012786,-0.709303
0.000000,0.000000,0.000000
0.319237,0.017498,0.302884
0.000000,0.000000,0.000000
-0.040881,0.038146,0.293875
0.058060,0.041374,0.451998
0.133932,0.050982,-0.072152
-0.053196,0.016275,-0.468669
-0.026925,-0.149919,-0.060019
0.286196,0.071082,-0.030623
0.022467,0.036245,-0.541443
0.000000,0.000000,0.000000
0.275729,0.005443,0.254091
0.071807,-0.001405,0.041863
0.000000,0.000000,0.000000
0.744655,-0.086962,-0.091706
0.000000,0.000000,0.000000
0.313717,0.012577,0.263698
0.159969,0.075170,0.046863
0.132604,-0.067669,0.293797
-0.063272,0.031064,0.253336
0.121121,0.046087,-0.367490
0.252556,-0.101959,0.316970
0.000000,0.000000,0.000000
0.351002,-0.024942,0.249612
0.060481,0.056033,-0.215486
0.000000,0.000000,0.000000
0.000000,0.000000,0.000000
0.296454,-0.026765,0.241437
0.524226,-0.117113,-0.094310
0.176320,-0.150076,-0.059785
0.353788,0.000106,-0.347363
0.000000,0.000000,0.000000
0.186761,0.042858,-0.071580
0.000000,0.000000,0.000000
0.000000,0.000000,0.000000
0.331943,-0.069726,0.363368
0.233862,0.022940,-0.087592
0.663446,-0.021844,-0.098033
0.000000,0.000000,0.000000
0.144242,-0.142889,0.071598
0.000000,0.000000,0.000000
-0.046296,0.033589,0.551537
0.247088,0.023929,0.065245
0.000000,0.000000,0.000000
0.323559,-0.001248,0.284893
0.599108,0.013515,-0.067544
0.087117,0.015780,0.315772
0.761891,-0.133594,0.057069
0.000000,0.000000,0.000000
-0.069521,0.030595,-0.304272
0.057305,0.019008,0.212484
0.173846,0.061240,0.162206
0.000000,0.000000,0.000000
0.000000,0.000000,0.000000
0.651703,-0.064570,0.098442
0.000000,0.000000,0.000000
0.084357,0.078190,-0.019740
0.042282,0.054497,-0.149378
0.110993,-0.027233,-0.291228
0.000000,0.000000,0.000000
0.000000,0.000000,0.000000
0.149398,-0.079958,-0.293128
-0.150418,0.006485,-0.844097
0.240189,-0.108234,-0.325648
0.679302,-0.095919,-0.103058
0.000000,0.000000,0.000000
-0.029398,-0.128100,0.095578
0.662326,0.008984,0.061834
0.000000,0.000000,0.000000
0.340795,0.026455,0.031917
0.000000,0.000000,0.000000
0.368212,-0.085374,-0.107068
-0.049369,0.031350,-0.153909
0.177830,0.074754,0.047592
0.071807,-0.001405,0.041863
0.252634,0.007708,-0.356060
-0.000679,0.014842,-0.419460
0.106020,0.016665,-0.278235
0.461190,0.033797,-0.007425
0.405732,-0.005076,-0.087306
0.669955,-0.097195,0.091802
0.553726,-0.162912,0.010437
0.075375,0.005756,0.073837
-0.059757,0.026403,0.214567
-0.016640,0.025440,-0.686651
0.223473,0.076316,-0.005263
0.268230,-0.092951,-0.353899
0.000000,0.000000,0.000000
0.270001,0.000470,-0.365589
0.038636,0.053690,0.070686
-0.046817,0.023929,-0.318671
0.322257,0.028694,0.311685
0.000000,0.000000,0.000000
0.000000,0.000000,0.000000
0.453926,0.027809,0.028480
0.188089,0.021586,-0.260009
0.000000,0.000000,0.000000
-0.049551,0.069859,-0.055593
-0.081707,0.011978,0.602179
0.064491,-0.089956,0.095187
0.000000,0.000000,0.000000
0.000000,0.000000,0.000000
0.142862,0.038458,0.385083
-0.042261,0.037260,0.457908
0.303042,-0.150336,0.071025
-0.014531,0.010677,-0.084286
0.108025,-0.083499,0.077586
0.592990,-0.059779,0.097765
0.043193,0.054028,-0.205410
0.097636,0.017498,-0.227541
0.268699,-0.110786,0.099535
0.249067,-0.102923,-0.314921
0.000000,0.000000,0.000000
-0.105114,0.025960,-0.602213
-0.172211,0.010338,-0.781790
0.335093,-0.011481,-0.288728
-0.143701,0.016066,0.482878
-0.005470,-0.044261,0.095630
0.261070,-0.137708,0.096489
-0.192025,0.011614,0.837033
-0.081264,0.019763,0.443432
0.172258,-0.174030,-0.171093
0.174315,-0.059519,0.097739
0.003512,-0.159215,-0.038513
0.094147,-0.118545,-0.117639
0.000000,0.000000,0.000000
0.241542,0.063245,0.084564
0.051264,0.056476,-0.091342
0.000000,0.000000,0.000000
0.000000,0.000000,0.000000
0.368212,-0.085374,-0.107068
0.151012,-0.164370,-0.001098
0.000000,0.000000,0.000000
0.000000,0.000000,0.000000
-0.070797,0.024450,0.311346
0.207851,-0.036086,-0.342312
0.148590,-0.188168,0.135102
0.000000,0.000000,0.000000
0.236127,-0.040512,0.367221
-0.103239,0.020336,-0.310417
0.000000,0.000000,0.000000
-0.095480,0.032001,0.010385
0.000000,0.000000,0.000000
0.096985,0.019087,0.155983
0.255498,0.004245,-0.057598
0.000000,0.000000,0.000000
0.559063,0.016144,-0.063925
0.089721,-0.164084,0.001090
0.000000,0.000000,0.000000
0.232690,-0.084905,0.277394
0.159604,0.067281,-0.101991
0.000000,0.000000,0.000000
-0.103005,-0.134506,-0.080328
0.137447,-0.026088,0.318532
0.000000,0.000000,0.000000
0.000000,0.000000,0.000000
-0.046296,0.033589,0.551537
0.140779,0.017993,-0.235196
0.415886,-0.161584,-0.032342
0.065090,0.046790,-0.394386
-0.064835,0.025778,-0.247798
0.000000,0.000000,0.000000
0.139269,-0.203373,-0.095117
0.000000,0.000000,0.000000
0.000000,0.000000,0.000000
0.000000,0.000000,0.000000
0.000000,0.000000,0.000000
-0.057492,0.008151,-0.808478
0.000000,0.000000,0.000000
0.059804,0.077540,0.015332
0.000000,0.000000,0.000000
0.149502,-0.053166,0.262136
0.251098,-0.022599,-0.258603
-0.077931,0.023409,-0.728154
0.158198,-0.097455,0.092297
0.551773,-0.157861,0.030642
0.000000,0.000000,0.000000
0.000000,0.000000,0.000000
0.139321,0.018566,0.154005
0.218213,-0.043402,-0.313671
0.239147,-0.087301,-0.357986
0.071052,0.014608,-0.423886
0.058060,0.041374,0.451998
-0.097693,0.026325,-0.425058
0.000000,0.000000,0.000000
0.219255,0.022680,-0.156148
0.000000,0.000000,0.000000
0.000000,0.000000,0.000000
0.204908,-0.057202,0.244952
0.440647,-0.068840,0.098077
0.347070,0.056215,0.051315
0.000000,0.000000,0.000000
0.237845,-0.017183,0.302415
0.000000,0.000000,0.000000
0.792823,-0.154606,0.020409
0.095423,-0.032987,0.092089
0.231831,0.055538,0.157572
0.000000,0.000000,0.000000
0.008720,0.037989,0.509488
0.233028,0.012629,-0.091185
0.286847,-0.013147,-0.369417
-0.035569,-0.163901,-0.013934
0.090268,0.025492,0.522063
0.179574,-0.145675,-0.124565
0.324314,-0.098340,-0.340437
0.078291,0.059444,0.157780
-0.049551,0.069859,-0.055593
0.000000,0.000000,0.000000
0.252426,-0.014918,-0.365849
0.043141,0.021378,0.623347
0.234460,-0.051734,-0.264696
-0.092252,-0.018224,0.085684
0.142810,-0.153018,-0.111781
0.336291,-0.051370,-0.366526
0.221911,0.067047,-0.090482
0.000000,0.000000,0.000000
0.358787,-0.025645,0.353708
-0.058716,0.030803,0.594654
0.000000,0.000000,0.000000
0.317649,0.027653,0.028871
0.599941,-0.001040,0.072795
0.000000,0.000000,0.000000
0.000000,0.000000,0.000000
0.192020,0.005704,0.070452
0.230373,0.022784,0.084850
0.279895,-0.055640,-0.251261
0.021400,0.031714,0.012806
0.000000,0.000000,0.000000
0.327178,-0.104589,0.302077
0.000000,0.000000,0.000000
0.000000,0.000000,0.000000
-0.054941,0.030621,-0.178566
-0.104281,-0.009346,-0.090743
0.040719,0.038484,0.494334
0.602701,0.006146,-0.077568
0.000000,0.000000,0.000000
0.620771,-0.004633,-0.086941
-0.018957,0.010260,0.647744
0.871507,-0.081104,0.022778
0.000000,0.000000,0.000000
0.000000,0.000000,0.000000
0.164213,-0.027936,-0.269617
-0.096209,0.045957,0.079409
-0.055930,0.008802,0.710207
0.000000,0.000000,0.000000
0.236127,-0.040512,0.367221
0.000000,0.000000,0.000000
-0.052727,0.028356,-0.656682
0.243495,0.056163,0.095109
-0.104489,-0.122945,-0.092435
0.274141,-0.028717,-0.326299
0.000000,0.000000,0.000000
0.160672,-0.040252,0.347902
0.000000,0.000000,0.000000
0.274141,-0.025801,0.314653
0.325746,-0.034550,-0.364417
-0.149897,0.015181,-0.519337
0.167832,-0.132813,0.070426
-0.055253,0.017811,-0.794444
0.323012,-0.040590,0.288720
0.000000,0.000000,0.000000
0.327725,-0.095190,0.334337
0.000000,0.000000,0.000000
0.191551,0.014816,-0.311901
0.387844,0.033615,-0.002478
-0.013542,0.010546,-0.737137
0.000000,0.000000,0.000000
-0.023436,0.017967,0.368654
-0.059211,0.034969,0.444135
0.383652,-0.138203,-0.076032
0.381699,-0.157054,0.032672
-0.035152,-0.090790,-0.089415
0.653447,-0.118805,0.081700
0.271042,-0.073709,-0.362673
0.699012,0.003074,-0.071111
0.162468,-0.086962,0.317959
0.000000,0.000000,0.000000
0.322830,0.062438,0.054153
0.162312,0.022107,-0.377019
0.220583,0.044525,0.223445
0.730699,-0.187074,-0.011148
0.175539,-0.152237,0.044884
0.000000,0.000000,0.000000
0.036840,-0.152133,-0.056400
0.003617,0.036349,0.532843
0.000000,0.000000,0.000000
0.274740,0.005808,0.044181
-0.071734,0.004922,0.004943
0.000000,0.000000,0.000000
0.000000,0.000000,0.000000
-0.055904,-0.144634,0.056002
0.079540,0.025413,0.034547
-0.165962,0.005990,0.868355
0.161323,-0.004112,-0.086525
0.072615,0.014999,-0.501086
0.110993,-0.027233,-0.291228
0.000000,0.000000,0.000000
0.367744,-0.158147,0.029912
0.303042,-0.150336,0.071025
0.111930,0.069338,0.084772
0.335145,-0.010830,-0.339188
0.247036,0.052648,0.149266
0.059049,-0.088472,0.084772
0.185693,-0.095112,0.291167
0.304422,-0.152393,-0.067961
0.181892,0.060017,0.169991
-0.063272,0.031064,0.253336
0.049025,-0.003435,-0.035597
0.028768,0.012838,0.484987
0.275911,-0.052125,0.234251
0.000000,0.000000,0.000000
0.783945,-0.030852,-0.036794
-0.001617,-0.001535,-0.017683
0.635508,-0.104329,0.089303
0.331943,-0.119612,0.081049
0.162312,0.022107,-0.377019
0.336291,-0.143176,0.076779
0.000000,0.000000,0.000000
-0.007683,0.013176,-0.483667
0.018067,-0.034810,-0.104126
0.335354,-0.052073,0.327619
0.631212,0.003803,0.068916
0.000000,0.000000,0.000000
-0.030908,0.037156,-0.156877
0.023951,-0.062670,0.098181
-0.086393,0.023070,-0.297581
0.224020,-0.038637,-0.376212
0.000000,0.000000,0.000000
0.179574,-0.013512,0.342877
0.000000,0.000000,0.000000
0.000000,0.000000,0.000000
0.669955,-0.097195,0.091802
0.718722,-0.198192,-0.044709
-0.049889,0.010911,-0.607212
0.000000,0.000000,0.000000
0.318794,0.016483,-0.322264
0.328636,-0.021297,0.246931
-0.042703,0.032105,0.111356
0.207356,-0.127996,-0.085561
0.149346,-0.005258,0.316788
-0.056373,0.008594,0.726454
-0.192286,0.006589,-0.880705
0.162312,0.022107,-0.377019
0.112139,0.056476,0.244770
0.251098,-0.022599,-0.258603
0.000000,0.000000,0.000000
0.457701,0.031376,-0.026588
0.669382,0.007786,-0.072777
0.000000,0.000000,0.000000
0.081832,0.015181,-0.459244
0.254248,-0.064492,-0.313671
0.000000,0.000000,0.000000
0.069985,0.063532,-0.107927
0.191187,-0.036919,-0.260660
-0.089257,0.022888,0.326057
0.000000,0.000000,0.000000
0.000000,0.000000,0.000000
-0.156667,0.005990,-0.861281
0.313717,-0.002264,-0.085041
0.126433,-0.150518,0.122448
0.602701,0.006146,-0.077568
-0.071734,0.004922,0.004943
-0.069105,0.068713,-0.053406
0.008720,0.037989,0.509488
0.000000,0.000000,0.000000
-0.012266,0.020102,-0.319738
-0.060018,0.034605,-0.431723
-0.081967,0.045618,-0.095664
-0.059471,-0.117920,-0.093685
0.039209,0.014452,-0.396599
0.000000,0.000000,0.000000
-0.040907,0.010859,-0.602291
0.000000,0.000000,0.000000
0.030747,0.063271,0.093469
0.137134,-0.042413,-0.339474
0.314993,-0.116618,0.095291
0.225061,-0.084202,-0.308386
0.204049,0.021039,0.095369
0.100058,-0.080036,0.068864
0.305021,0.017550,0.050768
0.123022,0.051216,-0.315494
0.684041,-0.154632,-0.049709
0.736375,-0.125861,-0.078427
-0.026977,0.073686,-0.026171
0.133932,0.050982,-0.072152
0.115471,-0.029629,-0.337730
0.325746,-0.034550,-0.364417
-0.035152,-0.090790,-0.089415
0.000000,0.000000,0.000000
0.016817,0.064130,-0.100298
0.286196,0.011666,-0.282583
0.000000,0.000000,0.000000
0.179236,0.037000,-0.071189
0.000000,0.000000,0.000000
0.286586,-0.037700,-0.244934
0.043193,0.054028,-0.205410
0.000000,0.000000,0.000000
0.000000,0.000000,0.000000
0.042073,-0.025775,-0.100220
0.110420,-0.038377,0.329963
0.275234,0.054601,0.061157
0.212355,0.020180,0.047175
0.000000,0.000000,0.000000
0.000000,0.000000,0.000000
0.000000,0.000000,0.000000
0.307598,0.027653,-0.040153
0.000000,0.000000,0.000000
0.191187,-0.036919,-0.260660
0.123022,0.051216,-0.315494
0.000000,0.000000,0.000000
0.191551,0.014816,-0.311901
0.000000,0.000000,0.000000
-0.024946,0.021586,-0.732867
0.232325,0.024710,0.293250
0.000000,0.000000,0.000000
0.341889,-0.099720,0.335248
0.000000,0.000000,0.000000
-0.104879,0.006380,0.839194
0.278333,0.014192,0.055351
0.214829,-0.088160,-0.356112
0.081832,0.015181,-0.459244
0.000000,0.000000,0.000000
0.156558,0.066213,0.105888
-0.016458,0.042806,0.231204
0.042282,0.054497,-0.149378
0.664539,-0.117556,-0.093763
-0.031143,0.035594,0.107216
0.051264,0.056476,-0.091342
0.297105,-0.099225,-0.282687
-0.098709,0.007578,0.772487
0.000000,0.000000,0.000000
-0.060018,0.034605,-0.431723
0.698283,-0.192308,-0.000941
0.000000,0.000000,0.000000
0.128308,-0.126721,0.075347
-0.049369,0.031350,-0.153909
0.722055,-0.005987,-0.067049
0.037855,0.053585,-0.090561
-0.042573,0.009088,-0.724327
0.432263,0.018357,0.049675
0.214334,-0.148982,-0.061295
0.338869,-0.068528,-0.109385
0.083524,-0.128934,-0.084832
0.180876,0.077748,-0.016355
0.000000,0.000000,0.000000
0.089721,-0.164084,0.001090
-0.056451,-0.142994,-0.089545
0.000000,0.000000,0.000000
0.026998,0.019711,0.245525
0.133125,0.073738,0.062927
-0.039110,0.002423,-0.081291
0.142862,-0.143254,-0.082307
0.019473,0.022237,0.662949
0.354543,-0.109146,-0.097929
0.000000,0.000000,0.000000
0.365921,-0.070923,0.255809
0.342410,0.038718,0.073472
0.464914,0.027627,0.028949
0.340795,0.026455,0.031917
0.637617,-0.095216,-0.104516
0.247036,0.052648,0.149266
0.000000,0.000000,0.000000
0.000000,0.000000,0.000000
-0.075822,-0.124169,-0.088660
-0.171742,0.013020,0.636261
0.645610,0.033615,-0.002295
0.286248,-0.030149,-0.381420
0.331943,-0.069726,0.363368
0.123803,0.063532,-0.147556
0.035278,0.020284,-0.229546
0.340795,0.026455,0.031917
0.000000,0.000000,0.000000
0.331943,-0.119612,0.081049
0.215167,0.021742,0.098520
0.029862,-0.164214,-0.011460
0.270001,0.000470,-0.365589
0.149736,-0.203686,0.086309
0.407216,-0.038065,0.094302
0.301428,-0.011585,0.081283
0.000000,0.000000,0.000000
0.000000,0.000000,0.000000
0.012235,0.016978,-0.344786
0.295569,-0.012054,-0.368557
0.703673,-0.155960,-0.045699
0.000000,0.000000,0.000000
0.351445,-0.101048,0.278566
0.645532,-0.070038,-0.109177
-0.000263,-0.147602,0.051940
0.327360,-0.016428,0.297182
0.405732,-0.005076,-0.087306
-0.026977,0.073686,-0.026171
0.000000,0.000000,0.000000
-0.002788,0.067385,-0.085041
0.000000,0.000000,0.000000
0.244823,0.031662,-0.114176
0.341889,-0.099720,0.335248
0.000000,0.000000,0.000000
0.000000,0.000000,0.000000
0.177856,0.020102,-0.225614
0.422812,-0.153252,0.042332
0.351002,-0.024942,0.249612
0.081337,0.047545,-0.380534
0.158328,-0.004321,-0.027343
0.064439,0.058767,0.086178
0.427004,-0.106542,0.088365
0.047255,-0.089878,0.085996
0.000000,0.000000,0.000000
-0.051347,0.036531,-0.355617
0.154839,0.030777,-0.031483
0.000000,0.000000,0.000000
0.000000,0.000000,0.000000
-0.087903,0.020987,0.045743
-0.019296,0.038770,-0.103527
0.121121,0.046087,-0.367490
0.000000,0.000000,0.000000
0.000000,0.000000,0.000000
-0.111988,0.019581,-0.776765
-0.025545,0.041452,0.321474
0.000000,0.000000,0.000000
0.431300,-0.150258,0.048295
-0.103135,0.026481,0.469234
0.013537,0.016118,0.354151
0.000000,0.000000,0.000000
0.233757,-0.093055,0.303952
-0.016119,-0.030436,-0.102251
-0.089492,0.004011,-0.080016
0.161895,-0.105969,0.088600
0.532662,-0.158642,-0.039919
-0.004038,0.044941,-0.340151
0.286144,-0.009867,0.248805
0.782539,-0.158590,-0.020417
0.286847,-0.013147,-0.369417
0.000000,0.000000,0.000000
0.203685,0.012603,-0.312994
0.000000,0.000000,0.000000
0.141560,-0.202670,0.135935
0.000000,0.000000,0.000000
0.000000,0.000000,0.000000
0.000000,0.000000,0.000000
0.000000,0.000000,0.000000
-0.056581,0.025674,-0.696936
0.037855,0.053585,-0.090561
0.000000,0.000000,0.000000
-0.084310,0.021898,-0.410034
-0.183850,0.011484,0.726948
-0.084414,-0.152471,0.044311
0.000000,0.000000,0.000000
0.085633,0.016717,0.529250
0.106150,0.039630,-0.441200
-0.083295,0.020909,-0.057181
0.070818,-0.160126,-0.036221
0.000000,0.000000,0.000000
0.000000,0.000000,0.000000
0.153381,-0.001561,-0.307657
0.752336,-0.004165,-0.020000
0.075140,0.047675,0.369825
0.464914,0.027627,0.028949
0.714035,-0.206420,-0.003076
0.206991,-0.099538,-0.293102
-0.166301,0.013593,0.576689
0.066574,-0.146352,0.053658
-0.053066,0.072931,-0.016407
-0.171638,0.013332,-0.642336
-0.104281,-0.009346,-0.090743
0.112477,0.050956,-0.072152
-0.101625,-0.127632,0.080893
-0.062361,0.024919,-0.707663
0.637617,-0.095216,-0.104516
0.000000,0.000000,0.000000
0.168899,-0.030462,0.090995
0.000000,0.000000,0.000000
0.000000,0.000000,0.000000
0.000000,0.000000,0.000000
0.422057,-0.123440,-0.074678
0.056550,0.025309,-0.046089
0.000000,0.000000,0.000000
0.000000,0.000000,0.000000
0.089981,0.056476,-0.250610
0.276979,-0.137604,0.065583
0.444423,-0.141353,0.060454
0.000000,0.000000,0.000000
-0.128469,0.017681,-0.424875
0.308900,0.066187,0.043582
0.000000,0.000000,0.000000
0.363916,-0.074126,-0.269617
0.018171,-0.119795,0.101905
0.263466,-0.002108,0.302415
0.000000,0.000000,0.000000
-0.084414,-0.152471,0.044311
0.450307,0.020753,-0.057546
-0.008308,0.071994,-0.057337
0.000000,0.000000,0.000000
-0.011277,0.022133,0.267526
0.252192,-0.040903,0.095161
0.000000,0.000000,0.000000
0.726924,-0.015829,0.062979
-0.063793,0.025882,0.240135
-0.114018,0.024580,0.554740
0.293460,0.064912,-0.070694
0.000000,0.000000,0.000000
0.132083,-0.033977,-0.290446
0.000000,0.000000,0.000000
0.109978,-0.057384,0.327255
0.000000,0.000000,0.000000
-0.078192,-0.040486,-0.106365
0.244979,0.013124,-0.313671
-0.075822,-0.124169,-0.088660
-0.106311,0.020076,0.319418
0.240189,-0.108234,-0.325648
-0.040568,0.028225,-0.196245
0.350585,0.061865,-0.022786
0.000000,0.000000,0.000000
-0.062361,0.024919,-0.707663
0.029133,0.022523,-0.195255
-0.143701,0.016066,0.482878
0.016687,-0.164448,-0.001775
0.000000,0.000000,0.000000
0.267449,-0.101751,-0.321873
0.181631,-0.000988,0.330483
0.553778,-0.108286,0.087610
0.275026,-0.161584,-0.032316
0.132786,-0.070377,0.303821
0.716873,-0.151898,0.041837
0.102375,-0.076183,0.097088
-0.017760,0.025127,-0.245819
0.000000,0.000000,0.000000
0.126459,0.008073,-0.094883
0.829093,-0.048610,-0.011929
-0.039162,0.038588,-0.327237
-0.101807,0.022341,0.332280
0.157287,0.022992,0.058944
-0.085195,0.011900,-0.069705
0.176502,-0.043506,-0.262379
0.222275,-0.049339,-0.251443
0.000000,0.000000,0.000000
0.275234,0.054601,0.061157
-0.042261,0.037260,0.457908
-0.083295,0.020909,-0.057181
0.228941,-0.158355,0.051341
-0.009350,0.044160,-0.317811
0.034132,0.052544,0.207797
-0.069443,0.022914,-0.736538
-0.040204,-0.106828,-0.099491
0.219255,0.022680,-0.156148
-0.009350,0.044160,-0.317811
0.326527,-0.040772,-0.290499
0.000000,0.000000,0.000000
0.000000,0.000000,0.000000
0.000000,0.000000,0.000000
0.656311,-0.053505,-0.108162
0.031841,0.021248,-0.056348
0.234460,-0.051734,-0.264696
0.060221,0.067541,0.088001
0.134765,0.065745,0.104274
0.345612,-0.092117,0.271223
0.019812,0.019347,-0.277089
0.109900,0.018305,0.309810
0.000000,0.000000,0.000000
0.130000,-0.065794,0.317751
0.716170,-0.168744,-0.018464
0.057227,0.014166,0.523391
-0.016198,0.031011,-0.107563
0.000000,0.000000,0.000000
0.261799,-0.076209,0.357223
0.396931,-0.113754,-0.085457
0.139087,0.028356,-0.124903
0.195848,0.019816,-0.322941
0.357589,-0.117035,0.087636
0.000000,0.000000,0.000000
0.000000,0.000000,0.000000
0.000000,0.000000,0.000000
0.719946,-0.027988,-0.087697
0.261981,0.007995,0.059126
0.030669,0.052206,-0.118420
-0.068219,0.028902,0.623165
0.000000,0.000000,0.000000
0.306218,-0.084306,0.061782
-0.041584,0.018175,0.400861
0.000000,0.000000,0.000000
0.559141,-0.163042,-0.020703
0.324757,0.033719,-0.008023
0.335354,-0.052073,0.327619
0.047671,0.050487,0.318871
0.255498,0.004245,-0.057598
0.157417,0.043249,0.339648
0.049025,-0.003435,-0.035597
0.703308,-0.193011,-0.044709
0.328063,-0.040330,-0.306615
0.146742,-0.011507,0.081231
0.349882,0.013228,-0.289093
0.000000,0.000000,0.000000
0.000000,0.000000,0.000000
0.053399,0.019373,-0.220615
0.000000,0.000000,0.000000
0.120731,0.077878,0.029444
-0.069703,0.014478,-0.533085
0.000000,0.000000,0.000000
0.257711,-0.154424,-0.049839
0.209283,-0.100475,-0.333407
0.317362,-0.096127,0.258465
0.151715,-0.068866,0.336159
0.000000,0.000000,0.000000
0.396931,-0.113754,-0.085457
-0.030908,0.037156,-0.156877
0.450307,0.020753,-0.057546
0.000000,0.000000,0.000000
0.069985,0.063532,-0.107927
0.000000,0.000000,0.000000
0.000000,0.000000,0.000000
