0.165325,0.210448,0.567180
0.152341,0.138651,-0.079100
0.000000,0.000000,0.000000
-0.028492,0.164668,0.531383
0.065476,-0.760261,0.426094
-0.154832,0.074107,-0.542920
0.196240,-0.082522,0.567214
-0.122713,0.112616,-0.530259
-0.192901,-0.127540,0.554723
0.026136,0.208872,0.556485
0.015085,0.164668,-0.480360
0.000000,0.000000,0.000000
0.000000,0.000000,0.000000
0.000000,0.000000,0.000000
0.000000,0.000000,0.000000
-0.146629,0.025869,-0.346019
0.052238,0.210448,0.016478
0.048645,-0.600513,0.455738
0.130799,-0.148252,-0.558633
0.000000,0.000000,0.000000
0.080120,0.164668,-0.296069
0.000000,0.000000,0.000000
0.000000,0.000000,0.000000
0.204156,0.183261,0.326194
0.157562,0.091209,-0.509801
0.000000,0.000000,0.000000
0.248173,0.209923,0.049003
-0.155900,-0.418985,-0.490343
0.157630,0.091023,-0.479157
-0.125629,-0.669768,-0.438004
0.178257,0.121362,0.146344
0.000000,0.000000,0.000000
-0.157968,0.085497,-0.497920
0.000000,0.000000,0.000000
0.152341,0.081514,-0.326799
0.081493,-0.684734,0.453738
0.178257,0.009377,-0.450919
0.037984,0.164668,-0.401817
0.000000,0.000000,0.000000
-0.146629,0.113769,0.495230
0.067272,-0.531597,0.425450
0.000000,0.000000,0.000000
-0.140764,-0.477816,0.476298
0.178257,0.003716,0.021647
0.178257,0.064446,0.051478
0.046747,0.210448,-0.270645
0.000000,0.000000,0.000000
-0.140459,-0.481748,-0.426393
-0.041627,0.164668,0.464247
-0.126730,-0.020979,0.464874
-0.143188,-0.624191,0.423331
0.170003,0.012411,-0.472987
0.152341,0.119616,-0.201644
0.016001,0.210448,0.464959
0.178257,0.157142,-0.256713
-0.011407,0.132142,0.494908
0.000000,0.000000,0.000000
0.212580,0.183261,0.431687
0.000000,0.000000,0.000000
0.189478,-0.112641,0.566791
0.193240,-0.205863,0.543519
-0.164138,-0.309729,-0.562802
0.047730,0.164668,-0.278951
-0.113391,-0.309085,-0.505462
0.000000,0.000000,0.000000
0.112375,0.210448,-0.198695
-0.128595,-0.836821,0.439280
-0.038899,0.190600,0.581113
-0.116357,-0.654327,-0.385935
0.013984,0.144329,-0.490055
-0.174494,-0.046369,-0.570090
0.081951,0.164668,0.191107
-0.099527,0.131345,-0.500225
-0.144883,-0.649598,0.408856
-0.183121,-0.127964,-0.522056
0.000000,0.000000,0.000000
-0.101459,-0.667751,-0.421698
0.001238,0.046039,0.494908
0.178257,0.121532,-0.273188
0.103324,0.027886,0.464332
0.222461,0.203228,-0.551853
-0.113612,-0.817262,0.448501
-0.116612,-0.775431,-0.455292
-0.038051,0.164668,-0.355172
-0.080492,0.066310,0.494908
0.203647,0.208245,-0.562022
0.000000,0.000000,0.000000
0.150291,0.035039,-0.459479
0.000000,0.000000,0.000000
-0.164646,0.110277,-0.497920
-0.137663,0.073751,0.548604
-0.174494,-0.046369,-0.570090
0.256207,0.188397,0.056427
0.001238,0.046039,0.494908
0.076035,0.093989,-0.490055
0.000000,0.000000,0.000000
0.000000,0.000000,0.000000
0.203224,0.183261,-0.372460
0.000000,0.000000,0.000000
0.150816,0.163007,-0.459479
0.000000,0.000000,0.000000
0.069628,0.164668,-0.311832
0.203647,0.208245,-0.562022
0.000000,0.000000,0.000000
0.000000,0.000000,0.000000
0.225326,0.172329,0.142903
0.164816,0.164668,-0.345477
-0.136036,-0.122489,-0.585802
-0.112679,-0.270474,-0.561141
0.178257,0.099819,0.364771
0.152341,0.152363,0.167615
0.000000,0.000000,0.000000
0.112171,0.210448,-0.361070
-0.120578,-0.804753,0.428992
0.204766,0.164668,0.211209
0.000000,0.000000,0.000000
0.057323,-0.763786,-0.455648
0.178257,0.164566,-0.340341
0.000000,0.000000,0.000000
-0.077950,0.164668,0.495976
-0.159036,-0.247101,-0.595514
-0.087306,0.164668,-0.501174
0.189478,-0.112641,0.566791
0.000000,0.000000,0.000000
0.000000,0.000000,0.000000
0.235309,0.210448,0.061004
-0.120764,-0.375984,0.524756
0.113815,0.210448,0.255583
0.178257,0.150142,0.221311
-0.079374,0.164668,0.523078
0.178257,0.132023,-0.340155
0.016001,0.210448,0.464959
0.178257,0.064480,0.311719
0.000000,0.000000,0.000000
0.203105,0.207601,0.567536
0.191935,-0.175032,0.534265
-0.108340,0.044971,-0.487157
0.009848,0.016344,0.494908
-0.146629,0.086446,0.491552
-0.176290,-0.307576,0.550536
0.076391,-0.739684,0.460738
0.178257,0.091955,-0.040693
-0.133408,-0.605038,-0.435139
0.000000,0.000000,0.000000
0.000000,0.000000,0.000000
-0.199579,-0.018267,0.506010
0.100866,-0.343662,-0.488513
-0.104527,-0.085777,-0.566853
0.212580,0.183261,0.431687
0.070798,0.164668,-0.287917
0.178257,0.097379,0.058190
0.124612,-0.228168,-0.492632
0.152341,0.004835,-0.166610
0.201681,0.182431,0.401771
-0.123730,-0.044556,0.472366
-0.067085,-0.003911,-0.501038
0.174833,0.164668,0.215447
-0.107001,-0.356052,-0.497005
-0.185392,-0.118591,0.525332
-0.086747,0.210448,0.550723
0.000000,0.000000,0.000000
-0.100188,-0.329000,0.542553
-0.140764,-0.477816,0.476298
0.189715,0.210448,0.316956
0.178257,0.065497,0.131276
-0.128103,-0.634615,-0.439682
0.000000,0.000000,0.000000
-0.153460,0.036496,-0.561243
-0.182070,-0.144489,-0.560616
0.000000,0.000000,0.000000
0.000000,0.000000,0.000000
0.000000,0.000000,0.000000
-0.198375,0.001615,-0.509581
0.113341,-0.848957,-0.448309
0.160714,0.210448,-0.002794
0.169477,0.020496,0.493383
0.042425,0.087379,-0.490055
0.137612,-0.251508,-0.558836
0.000000,0.000000,0.000000
0.139104,-0.333187,-0.468241
0.152341,0.096260,0.463331
0.140138,0.164668,0.188972
0.000000,0.000000,0.000000
-0.146188,-0.795482,-0.467631
0.000000,0.000000,0.000000
0.232987,0.203228,0.238260
-0.131391,-0.543766,-0.453292
0.218105,0.209465,0.328567
-0.160053,0.009191,-0.217797
0.189850,-0.045047,-0.493343
0.152341,0.029293,0.326482
0.152341,0.034327,-0.267747
0.085713,0.210448,0.305397
0.030001,0.164668,0.060478
0.095120,-0.390628,0.512078
0.065900,-0.486070,0.448755
0.178257,0.157142,-0.256713
0.151409,-0.293542,-0.547904
-0.172545,0.023208,-0.437377
0.000000,0.000000,0.000000
0.184800,-0.028962,-0.459885
-0.127002,-0.045945,-0.574073
-0.123951,-0.387578,-0.465614
0.194325,0.210448,0.304838
0.000000,0.000000,0.000000
0.094375,0.076378,0.518248
0.110765,-0.295830,0.515332
-0.126730,-0.020979,0.464874
-0.129680,0.101243,0.539773
0.215936,0.166770,0.510163
0.000000,0.000000,0.000000
-0.125137,-0.119896,-0.505767
-0.169189,0.009191,-0.347511
-0.125595,0.178482,0.585503
0.000000,0.000000,0.000000
0.000000,0.000000,0.000000
0.178257,0.161159,-0.230577
0.000000,0.000000,0.000000
0.017899,0.210448,-0.267289
0.165172,0.015683,-0.385427
0.037984,0.164668,-0.401817
0.178257,-0.014538,-0.057218
-0.106628,-0.221321,0.553418
0.000000,0.000000,0.000000
0.178257,-0.007267,0.072597
-0.106527,-0.611377,0.432738
0.234427,0.210448,-0.104050
0.170613,-0.164473,-0.492055
0.000000,0.000000,0.000000
0.000000,0.000000,0.000000
0.105832,0.164668,-0.228204
0.159003,0.062361,0.464332
0.192359,-0.146693,0.516129
0.000000,0.000000,0.000000
-0.154188,0.055683,-0.470564
0.000000,0.000000,0.000000
0.000000,0.000000,0.000000
0.165070,0.063260,-0.529361
-0.183036,-0.253999,-0.561921
0.232512,0.176905,0.056088
-0.109239,-0.485918,-0.432088
-0.100018,-0.497884,0.452891
-0.001678,0.053937,-0.490055
-0.146629,0.113769,0.495230
0.152341,0.135871,0.316448
-0.099594,-0.531580,-0.427546
-0.041627,0.164668,0.464247
0.016001,0.210448,0.464959
0.152341,0.072785,-0.262188
0.178257,0.153329,-0.272340
0.000000,0.000000,0.000000
-0.023949,0.048615,0.520400
0.100866,-0.343662,-0.488513
0.113104,0.120311,0.464332
0.178257,0.093311,-0.085185
0.000000,0.000000,0.000000
-0.140832,-0.539631,-0.411325
0.215715,0.174244,-0.504106
-0.127171,-0.492223,-0.468563
0.094375,0.068582,-0.503378
-0.131781,-0.189659,-0.515818
0.178257,0.031666,-0.039489
0.000000,0.000000,0.000000
0.192376,-0.154320,-0.557412
0.216597,0.166498,-0.510412
0.193240,-0.185253,0.521434
-0.105374,0.113328,0.523875
0.000000,0.000000,0.000000
0.100120,0.183261,-0.544005
0.193325,-0.232965,-0.556836
0.000000,0.000000,0.000000
0.000000,0.000000,0.000000
-0.106018,0.105175,0.513536
0.152341,-0.018725,-0.036676
0.130562,0.147583,-0.524903
0.222020,0.171566,0.169717
-0.107306,-0.413476,-0.491394
0.142918,0.210448,0.432094
0.123629,-0.233643,-0.531564
0.222020,0.171566,0.169717
0.178257,0.157142,-0.256713
0.000000,0.000000,0.000000
0.048408,0.164668,-0.072219
0.000000,0.000000,0.000000
0.000000,0.000000,0.000000
0.000000,0.000000,0.000000
0.131477,0.210448,0.203904
0.057391,0.210448,-0.395528
0.158765,-0.067149,-0.561073
0.000000,0.000000,0.000000
0.152341,0.131667,0.165310
0.169816,-0.215456,-0.491818
0.152341,0.041649,-0.193678
0.014356,0.210448,-0.539531
0.234631,0.204668,-0.211627
0.000000,0.000000,0.000000
-0.123951,-0.387578,-0.465614
0.000000,0.000000,0.000000
-0.123713,-0.702955,0.442789
-0.101425,0.022683,0.535570
0.222309,0.210448,0.181361
0.191681,0.210448,-0.065439
0.178257,0.017717,0.150039
0.000000,0.000000,0.000000
0.161952,0.013039,-0.405919
0.000000,0.000000,0.000000
0.178257,0.115108,-0.399173
-0.146629,0.069972,0.459823
0.218173,0.210448,0.441484
0.152341,0.119616,-0.201644
0.138426,0.164668,0.517688
0.194325,0.210448,0.304838
-0.125002,-0.834516,-0.433953
0.152341,0.161786,-0.330426
-0.198003,-0.246457,0.542095
0.000000,0.000000,0.000000
0.178257,0.122379,0.359127
0.000000,0.000000,0.000000
-0.170748,-0.321238,0.500756
-0.196545,-0.076793,-0.513395
0.057849,0.210448,-0.330121
0.150816,0.163007,-0.459479
0.000000,0.000000,0.000000
0.207308,0.210448,-0.385783
-0.099594,-0.809279,-0.458580
-0.193664,-0.196643,-0.547361
0.076001,0.164668,0.073122
-0.137663,0.073751,0.548604
0.000000,0.000000,0.000000
0.152341,0.133515,0.341109
0.000000,0.000000,0.000000
0.099493,-0.768380,-0.464445
0.099561,-0.350085,-0.525463
0.000000,0.000000,0.000000
0.114426,-0.093234,-0.562599
0.000000,0.000000,0.000000
0.000000,0.000000,0.000000
0.152341,0.161075,-0.348036
0.161647,0.164668,-0.060100
0.000000,0.000000,0.000000
0.039696,0.038649,0.494908
0.152341,0.105447,-0.129033
0.120985,-0.450206,0.489230
0.216139,0.183261,0.492908
0.127968,-0.180575,0.555418
0.119070,0.164668,0.210684
0.000000,0.000000,0.000000
0.000000,0.000000,0.000000
0.152240,0.210448,-0.039506
0.000000,0.000000,0.000000
0.000000,0.000000,0.000000
0.057950,0.210448,-0.034184
0.000000,0.000000,0.000000
0.150375,-0.355933,-0.525649
-0.170663,-0.217067,-0.581480
0.152341,0.138651,-0.079100
0.111765,-0.291000,0.547536
0.153019,0.164668,-0.421173
0.000000,0.000000,0.000000
-0.130375,-0.022996,-0.454784
0.094781,-0.029030,-0.469784
0.185884,-0.210558,-0.492479
0.159901,0.163295,-0.473699
-0.131391,-0.543766,-0.453292
-0.125764,0.164668,0.531553
0.005678,0.106481,-0.490055
0.000000,0.000000,0.000000
-0.109425,0.079599,-0.490055
0.000000,0.000000,0.000000
0.000000,0.000000,0.000000
-0.097510,-0.739159,0.429161
0.193461,-0.232338,-0.527869
0.178257,0.092768,-0.373986
-0.131391,-0.543766,-0.453292
0.178257,-0.080234,-0.003285
-0.108103,-0.233643,-0.542768
0.152341,0.100260,-0.081304
-0.142358,-0.400340,0.466060
0.134494,0.164668,0.390144
0.152341,0.046836,0.090377
0.152341,0.139278,0.216006
0.256207,0.188397,0.056427
-0.146629,0.019157,0.351110
0.193240,-0.203609,-0.557361
0.178257,-0.045471,0.078038
-0.200291,-0.066556,0.515620
0.000000,0.000000,0.000000
0.213647,0.210448,-0.039811
-0.133408,-0.605038,-0.435139
0.198749,0.210448,-0.161779
0.178257,0.091955,-0.040693
0.017475,0.210448,-0.516225
0.047154,-0.658887,0.438111
0.178257,0.020225,-0.325968
0.000000,0.000000,0.000000
0.000000,0.000000,0.000000
0.000000,0.000000,0.000000
0.066442,0.164668,-0.459174
-0.097510,-0.739159,0.429161
0.079425,0.164668,-0.422241
0.094375,0.037513,-0.478716
0.178257,0.150142,0.221311
0.179630,-0.050539,0.562384
-0.028322,0.164668,0.423009
0.239783,0.183261,0.104987
0.191274,-0.137150,-0.513073
0.152341,0.144888,-0.331375
-0.150595,-0.320577,-0.482479
0.000000,0.000000,0.000000
-0.114849,0.152108,0.513536
0.117832,-0.350052,-0.529242
0.140070,0.164668,-0.475665
0.078544,-0.607988,0.417822
0.073984,-0.671988,-0.411919
0.154392,0.164668,-0.395851
-0.155900,-0.418985,-0.490343
0.000000,0.000000,0.000000
-0.112645,-0.474765,-0.432258
0.092341,-0.512698,-0.424004
0.000000,0.000000,0.000000
0.000000,0.000000,0.000000
0.000000,0.000000,0.000000
0.218105,0.209465,0.328567
-0.005440,0.164668,-0.491462
0.000000,0.000000,0.000000
-0.069018,0.164668,0.555587
0.000000,0.000000,0.000000
0.254580,0.183499,-0.077795
-0.124612,-0.512986,0.463637
0.165274,0.164668,-0.158372
-0.097510,-0.739159,0.429161
-0.133442,0.164668,0.536468
0.178257,0.019530,-0.432529
0.141274,-0.399188,0.464874
0.152341,0.025462,-0.288357
-0.109696,0.019598,-0.536073
0.000000,0.000000,0.000000
0.178257,0.079073,-0.048913
-0.174494,-0.046369,-0.570090
0.165274,0.164668,-0.158372
0.178257,0.121532,-0.273188
0.000000,0.000000,0.000000
0.000000,0.000000,0.000000
0.170189,0.010225,-0.517276
0.000000,0.000000,0.000000
-0.084153,0.164668,0.571553
0.000000,0.000000,0.000000
0.000000,0.000000,0.000000
0.121833,0.210448,-0.183949
0.178257,0.153329,-0.272340
-0.052797,-0.001030,-0.490055
0.230817,0.172363,0.083394
0.152341,-0.011809,0.021918
0.058238,0.164668,-0.077863
0.233190,0.183261,-0.133542
0.094375,0.117667,0.524298
0.107137,0.164668,0.411043
0.000000,0.000000,0.000000
0.236377,0.197753,0.491552
0.120985,-0.450206,0.489230
0.000000,0.000000,0.000000
-0.066068,0.012954,-0.508683
-0.146765,0.029022,0.470399
0.152341,-0.003538,-0.119423
-0.166561,0.009191,0.179870
0.152341,-0.005911,-0.084287
0.047238,0.210448,0.450145
0.165325,0.210448,0.567180
0.092307,-0.749362,-0.441478
0.000000,0.000000,0.000000
0.049662,-0.580733,0.425500
-0.174273,0.016666,-0.531530
0.178257,0.150498,0.117581
0.109815,0.123989,-0.526886
0.000000,0.000000,0.000000
-0.146917,0.009191,0.345296
-0.039017,0.210448,0.545350
0.178257,0.049632,-0.110575
0.059493,-0.511935,-0.460902
0.115324,-0.111929,-0.496649
-0.029797,0.164668,0.504807
0.135833,-0.071742,0.473654
-0.148917,0.009191,-0.242069
-0.184087,-0.368391,-0.497072
0.097680,0.104480,0.464332
0.000000,0.000000,0.000000
-0.111289,-0.373493,0.523315
0.000000,0.000000,0.000000
0.161223,0.164668,-0.040337
-0.146629,0.075785,-0.481665
0.000000,0.000000,0.000000
0.000000,0.000000,0.000000
0.072628,0.117142,0.494908
0.000000,0.000000,0.000000
-0.188155,-0.300881,-0.512988
0.000000,0.000000,0.000000
0.000000,0.000000,0.000000
-0.101425,0.022683,0.535570
0.000000,0.000000,0.000000
0.000000,0.000000,0.000000
0.131477,0.210448,0.203904
-0.023949,0.048615,0.520400
0.000000,0.000000,0.000000
-0.133917,0.164668,-0.528988
0.178257,0.097379,0.058190
0.000000,0.000000,0.000000
0.253597,0.204228,0.018037
0.000000,0.000000,0.000000
0.106629,-0.872212,-0.466055
0.165952,0.059819,0.500790
0.182003,0.210448,-0.038100
0.000000,0.000000,0.000000
0.000000,0.000000,0.000000
-0.109391,-0.655768,0.401161
0.037984,0.164668,-0.401817
-0.057882,0.184092,-0.585345
0.000000,0.000000,0.000000
-0.080713,0.097108,0.494908
-0.005135,0.164668,-0.388681
0.152341,0.139176,0.097004
0.000000,0.000000,0.000000
0.160664,0.118277,0.485552
0.152341,-0.011419,0.031461
0.192139,-0.248576,-0.517174
-0.085577,-0.066386,-0.534327
-0.143917,-0.728142,-0.421003
0.178257,0.133345,-0.095372
0.178257,0.120803,0.062224
0.094375,-0.013894,-0.536734
-0.083459,0.047547,-0.490055
0.193461,-0.232338,-0.527869
0.232987,0.203228,0.238260
0.040611,0.210448,0.526977
0.225190,0.195906,-0.394105
0.175223,0.210448,0.229870
0.178816,0.164668,-0.526666
0.000000,0.000000,0.000000
0.000000,0.000000,0.000000
-0.172545,0.096752,0.487213
0.000000,0.000000,0.000000
-0.047661,0.164668,0.478247
0.015085,0.164668,-0.480360
0.178257,0.019530,-0.432529
0.133663,-0.418324,-0.470852
0.165698,0.210448,0.499349
0.065561,-0.790753,-0.476309
-0.172545,0.011564,0.460128
0.070544,0.210448,-0.233628
0.000000,0.000000,0.000000
0.075510,0.164668,0.007138
-0.168934,0.075412,-0.480496
-0.135612,-0.060471,0.589554
0.039391,0.210448,0.264295
-0.154070,0.009191,0.264057
0.159698,-0.163608,0.496823
0.000000,0.000000,0.000000
0.170037,-0.090726,-0.017201
0.080425,-0.687328,0.417009
0.197156,0.210448,-0.087066
0.120985,-0.450206,0.489230
-0.123951,-0.387578,-0.465614
0.187528,0.210448,0.210548
-0.061848,0.148888,-0.490055
0.049170,0.017598,0.513536
-0.124612,-0.512986,0.463637
0.132477,0.210448,0.133750
0.000000,0.000000,0.000000
0.184257,-0.023538,-0.478581
0.189528,0.164668,-0.269255
-0.146629,0.009971,-0.281900
0.134612,0.043920,-0.533480
0.178715,-0.307492,0.481518
-0.146137,-0.839533,0.505824
0.139935,0.164668,0.105665
0.104544,-0.325865,-0.540598
0.067272,-0.531597,0.425450
0.000000,0.000000,0.000000
0.000000,0.000000,0.000000
0.000000,0.000000,0.000000
-0.116934,-0.097353,0.511671
-0.098679,-0.727159,0.428806
-0.164646,0.110277,-0.497920
0.169223,0.210448,0.547197
-0.172545,0.014852,-0.474631
0.194596,0.164668,-0.185949
0.175138,0.164668,-0.319375
0.000000,0.000000,0.000000
-0.151782,-0.317644,0.578316
0.178257,0.080311,-0.243730
0.000000,0.000000,0.000000
0.152341,0.134701,-0.139847
0.159731,-0.262203,0.487942
0.034069,0.164668,0.280719
0.142426,-0.245542,0.561994
-0.138036,0.022920,0.464518
0.178257,-0.070081,0.035681
0.178257,0.046598,-0.425190
0.000000,0.000000,0.000000
0.169732,0.164668,0.419077
-0.152053,-0.142303,0.510146
0.000000,0.000000,0.000000
0.175223,0.210448,0.229870
0.178257,0.034666,0.237549
0.000000,0.000000,0.000000
-0.005440,0.164668,-0.491462
0.178257,0.149193,0.200006
0.178257,-0.008945,-0.291849
-0.104832,-0.581936,0.412466
0.000000,0.000000,0.000000
-0.136036,-0.122489,-0.585802
-0.123951,-0.387578,-0.465614
-0.022373,0.102430,-0.490055
0.157562,0.091209,-0.509801
0.126934,0.164668,0.038173
-0.047085,0.205296,0.582198
0.000000,0.000000,0.000000
0.000000,0.000000,0.000000
0.000000,0.000000,0.000000
0.000000,0.000000,0.000000
-0.124696,-0.358272,-0.533751
0.152341,0.098345,0.446823
0.198918,0.210448,-0.226001
0.107137,0.210448,-0.190407
0.000000,0.000000,0.000000
0.000000,0.000000,0.000000
0.000000,0.000000,0.000000
0.171511,0.164668,0.290109
0.000000,0.000000,0.000000
0.171426,0.164668,0.123191
0.217681,0.183261,-0.396986
0.035357,0.210448,-0.173203
0.072950,0.164668,-0.403054
0.170443,0.164668,-0.433004
0.000000,0.000000,0.000000
0.000000,0.000000,0.000000
0.178257,0.005191,-0.142660
0.178257,0.088531,0.154157
0.192139,-0.248576,-0.517174
-0.154510,-0.033606,0.593367
0.056764,0.164668,0.276651
0.000000,0.000000,0.000000
-0.029797,0.164668,0.504807
0.161613,0.150074,-0.508208
0.000000,0.000000,0.000000
0.152341,0.098345,0.446823
0.000000,0.000000,0.000000
0.098849,-0.057878,0.549316
0.000000,0.000000,0.000000
0.000000,0.000000,0.000000
0.160375,-0.329543,0.473857
-0.133408,-0.605038,-0.435139
-0.197274,-0.206202,-0.541853
-0.133968,-0.642310,-0.430139
0.203105,0.207601,0.567536
-0.144459,0.134261,0.553129
0.065442,-0.487884,-0.450173
0.192037,0.164668,0.117242
0.000000,0.000000,0.000000
0.038323,0.144685,-0.508683
0.178257,0.010666,0.321550
0.002322,0.164668,0.331906
0.193240,-0.223287,0.562638
0.000000,0.000000,0.000000
-0.148493,-0.157032,0.594655
-0.170663,-0.217067,-0.581480
0.060289,-0.740837,0.460908
0.104070,-0.502240,-0.431376
0.070798,0.164668,-0.287917
0.039391,0.210448,0.264295
0.152341,0.072785,-0.262188
0.000000,0.000000,0.000000
0.129206,-0.100336,-0.477614
-0.161511,0.155939,-0.540463
0.146935,0.164668,0.116801
0.053577,-0.550139,0.442941
0.000000,0.000000,0.000000
0.152341,0.090311,-0.167373
0.150816,0.163007,-0.459479
0.000000,0.000000,0.000000
0.000000,0.000000,0.000000
0.138935,0.164668,0.232650
-0.114951,-0.303678,0.557384
0.011034,0.164668,0.000698
0.039594,0.210448,0.475484
0.069628,0.164668,-0.311832
-0.138002,-0.214643,-0.503750
0.152341,0.151634,0.366364
0.152341,0.021971,0.182955
-0.055865,0.164668,0.399280
0.178257,-0.062607,0.023393
0.000000,0.000000,0.000000
0.213647,0.210448,-0.039811
0.000000,0.000000,0.000000
0.077171,-0.443578,0.480044
-0.174375,-0.115607,0.584757
0.204461,0.172549,-0.432156
0.000000,0.000000,0.000000
-0.146629,0.076039,0.479077
0.158257,-0.338340,0.544282
0.000000,0.000000,0.000000
-0.188697,-0.240999,0.533977
0.000000,0.000000,0.000000
0.017475,0.210448,-0.516225
0.000000,0.000000,0.000000
-0.171087,-0.268525,0.576062
0.052865,0.164668,0.045902
-0.107306,-0.413476,-0.491394
0.000000,0.000000,0.000000
0.035357,0.210448,-0.173203
0.000000,0.000000,0.000000
0.000000,0.000000,0.000000
0.152341,0.095836,-0.418139
0.178257,0.064480,0.311719
0.000000,0.000000,0.000000
0.104053,0.210448,0.158513
-0.146917,0.009191,0.345296
0.136426,0.210448,-0.012370
0.156019,-0.018928,0.263074
0.178257,0.115108,-0.399173
0.000000,0.000000,0.000000
0.152341,0.105447,-0.129033
0.167647,0.210448,0.238582
0.126731,0.148871,0.530909
0.211749,0.164668,-0.078066
0.178257,0.164566,-0.340341
-0.122154,-0.307797,-0.556226
-0.129951,-0.851872,-0.487310
0.193240,-0.205863,0.543519
0.024374,0.210448,0.346499
0.136426,-0.175269,-0.558243
-0.110781,-0.750278,-0.408241
0.000000,0.000000,0.000000
-0.176443,-0.176388,-0.527869
-0.105459,-0.359374,0.525688
-0.027543,0.164668,-0.508157
-0.103611,-0.000233,0.547960
-0.146188,-0.795482,-0.467631
-0.113951,-0.171388,-0.540785
0.178257,0.103667,0.397992
0.071425,0.210448,0.393907
0.254580,0.183499,-0.077795
0.152341,0.032513,-0.332426
-0.098238,-0.607632,-0.422563
-0.112052,0.082345,0.531909
0.178257,-0.007267,0.072597
0.123273,0.120481,0.532129
0.230241,0.190228,-0.545768
0.000000,0.000000,0.000000
-0.120815,-0.549427,0.401076
0.178257,0.149193,0.200006
0.178257,0.092768,-0.373986
0.048594,-0.601428,-0.413885
0.000000,0.000000,0.000000
0.094375,0.037513,-0.478716
0.000000,0.000000,0.000000
0.066544,-0.563190,0.421365
-0.140426,-0.692734,0.424704
0.071832,-0.542953,-0.459784
-0.147561,-0.131370,0.596520
0.152341,0.138651,-0.079100
-0.126578,-0.662429,0.396737
-0.183121,-0.127964,-0.522056
0.080425,0.210448,0.028512
0.000000,0.000000,0.000000
0.017899,0.210448,-0.267289
0.087747,0.210448,-0.437665
0.099019,-0.043284,0.465772
0.116951,-0.265915,0.520773
0.075425,-0.449884,-0.443089
-0.178562,0.047819,0.524197
0.000000,0.000000,0.000000
0.178257,0.161159,-0.230577
0.000000,0.000000,0.000000
-0.008339,0.210448,0.466891
0.171884,-0.063827,0.077665
0.191935,-0.175032,0.534265
0.043306,0.164668,-0.108524
0.151409,-0.293542,-0.547904
0.000000,0.000000,0.000000
0.156392,0.210448,0.358601
0.000000,0.000000,0.000000
-0.059628,0.164668,0.528129
0.000000,0.000000,0.000000
0.178257,-0.008945,-0.291849
0.000000,0.000000,0.000000
0.085069,-0.629022,0.428246
0.152341,0.125379,0.310804
0.064205,0.203685,-0.552327
-0.124934,0.067107,-0.462546
0.000000,0.000000,0.000000
0.099578,0.210448,-0.095236
0.118799,0.210448,0.231430
0.044204,0.049276,-0.508683
0.000000,0.000000,0.000000
0.110765,-0.295830,0.515332
0.120595,0.054565,0.536621
-0.131781,-0.189659,-0.515818
0.152341,-0.015233,0.056580
0.152341,0.021971,0.182955
0.191935,-0.175032,0.534265
-0.168934,-0.025911,-0.480852
-0.092137,0.210448,-0.544649
0.130087,0.164668,0.104309
0.192376,-0.154320,-0.557412
0.000000,0.000000,0.000000
0.000000,0.000000,0.000000
-0.179324,-0.031149,0.492993
0.081357,-0.723057,0.456653
-0.109239,-0.485918,-0.432088
0.000000,0.000000,0.000000
-0.124612,-0.512986,0.463637
0.000000,0.000000,0.000000
0.000000,0.000000,0.000000
0.000000,0.000000,0.000000
0.000000,0.000000,0.000000
0.129680,0.164668,0.451806
-0.146629,0.038666,-0.299663
-0.179324,-0.031149,0.492993
0.178257,0.150498,0.117581
0.165223,-0.325407,-0.469869
0.000000,0.000000,0.000000
-0.111764,-0.061149,0.496671
-0.031356,0.091582,0.520400
-0.128527,-0.137981,-0.576277
0.000000,0.000000,0.000000
0.178257,0.106650,-0.451275
-0.127069,-0.747651,0.454145
0.000000,0.000000,0.000000
0.000000,0.000000,0.000000
0.000000,0.000000,0.000000
0.154935,0.164668,0.123699
0.126731,0.148871,0.530909
0.068086,0.164668,-0.508717
0.150358,0.148583,-0.525700
0.152341,0.077022,-0.146542
0.152341,0.151634,0.366364
0.042425,0.087379,-0.490055
0.000000,0.000000,0.000000
-0.128103,-0.440883,0.437128
-0.119324,-0.724735,-0.437597
0.000000,0.000000,0.000000
0.094375,0.040836,0.488637
-0.146629,0.033327,-0.287629
0.081357,-0.723057,0.456653
0.051425,0.210448,-0.343918
0.148731,0.164668,-0.505784
0.000000,0.000000,0.000000
0.000000,0.000000,0.000000
0.000000,0.000000,0.000000
0.000000,0.000000,0.000000
0.070798,0.164668,-0.287917
-0.087306,0.164668,-0.501174
0.000000,0.000000,0.000000
0.107137,0.210448,-0.190407
0.086086,-0.507511,0.430161
0.162392,0.160532,0.525943
0.000000,0.000000,0.000000
-0.100001,0.099108,0.494908
0.112476,0.164668,-0.164423
0.094375,0.068582,-0.503378
0.152341,0.039158,0.265413
0.084798,-0.508376,0.472247
0.000000,0.000000,0.000000
0.039696,0.038649,0.494908
0.130562,0.147583,-0.524903
0.056764,0.164668,0.276651
0.089256,0.107006,0.494908
-0.101510,0.210448,-0.559056
0.020068,0.210448,0.292770
-0.039949,0.144464,-0.515547
0.165952,0.059819,0.500790
0.125256,0.019072,0.540248
0.000000,0.000000,0.000000
0.000000,0.000000,0.000000
0.023712,0.164668,-0.305053
-0.135747,0.141074,0.548367
0.178257,0.121464,0.130259
0.094375,0.040836,0.488637
-0.124612,-0.512986,0.463637
0.156460,-0.006013,0.223057
-0.067085,-0.003911,-0.501038
0.000000,0.000000,0.000000
0.000000,0.000000,0.000000
0.131901,-0.296203,-0.475987
0.000000,0.000000,0.000000
-0.205087,-0.095641,0.541044
0.178257,0.027649,-0.319307
0.194206,0.164668,0.438365
0.107137,0.210448,-0.190407
-0.101425,0.022683,0.535570
0.094375,0.065056,0.531248
0.152341,0.051480,0.296346
-0.155968,-0.091573,0.606351
0.000000,0.000000,0.000000
0.060476,0.210448,-0.245255
-0.178562,0.047819,0.524197
0.000000,0.000000,0.000000
-0.039949,0.144464,-0.515547
0.152341,0.161075,-0.348036
0.152341,0.072785,-0.262188
-0.160053,0.009191,-0.217797
0.152341,0.152363,0.167615
0.000000,0.000000,0.000000
0.152341,-0.058725,0.004681
0.152341,0.043717,-0.013879
0.178257,0.140057,0.025528
0.000000,0.000000,0.000000
0.024001,0.210448,0.452196
0.000000,0.000000,0.000000
0.157765,0.164668,0.322245
0.000000,0.000000,0.000000
0.119409,-0.454172,-0.447800
0.167765,-0.003640,0.210226
-0.172545,0.010259,0.499790
0.000000,0.000000,0.000000
0.000000,0.000000,0.000000
0.000000,0.000000,0.000000
0.000000,0.000000,0.000000
0.152341,0.021971,0.182955
0.152341,0.117616,-0.323527
0.017526,0.164668,0.374076
0.178257,0.059887,-0.120050
0.152341,0.075277,0.348516
0.000000,0.000000,0.000000
0.106561,0.210448,0.335889
0.000000,0.000000,0.000000
0.073984,-0.671988,-0.411919
0.051594,0.032852,0.494908
0.157765,0.164668,0.322245
-0.095272,-0.659700,-0.417342
0.121324,-0.134964,0.547977
0.152341,0.122396,0.121123
0.055391,-0.704260,0.417924
0.103036,-0.070319,-0.524276
0.017475,0.210448,-0.516225
0.134053,-0.381933,0.518705
0.159698,-0.163608,0.496823
0.072950,0.164668,-0.403054
0.178257,0.133345,-0.095372
0.132646,0.080616,0.464332
0.191274,-0.137150,-0.513073
-0.141205,-0.016131,-0.461801
0.000000,0.000000,0.000000
0.000000,0.000000,0.000000
0.168071,0.164668,-0.273391
0.000000,0.000000,0.000000
0.000000,0.000000,0.000000
0.130816,0.210448,-0.352189
0.000000,0.000000,0.000000
0.152341,0.159261,-0.172474
0.156019,-0.018928,0.263074
0.000000,0.000000,0.000000
0.000000,0.000000,0.000000
0.000000,0.000000,0.000000
0.145087,-0.219321,0.564350
0.057374,0.210448,0.473230
-0.125764,0.164668,0.531553
0.000000,0.000000,0.000000
0.000000,0.000000,0.000000
0.104815,0.126345,0.530044
-0.151256,-0.757464,-0.426631
0.166748,0.164668,-0.262645
0.128833,-0.417951,-0.499377
-0.115934,-0.476206,0.472027
-0.068984,0.102277,-0.515547
0.195173,-0.071370,-0.511666
0.178257,0.095040,0.239413
-0.172545,0.023208,-0.437377
-0.115273,0.008140,-0.498699
0.000000,0.000000,0.000000
0.159782,0.163414,0.486366
0.234631,0.204668,-0.211627
0.000000,0.000000,0.000000
0.015085,0.164668,-0.480360
0.000000,0.000000,0.000000
-0.104527,-0.085777,-0.566853
0.204461,0.172549,-0.432156
0.000000,0.000000,0.000000
-0.104832,-0.581936,0.412466
0.151375,0.210448,-0.153983
0.000000,0.000000,0.000000
-0.127832,-0.331492,-0.475292
0.000000,0.000000,0.000000
-0.136239,-0.769939,0.461484
-0.023949,0.048615,0.520400
0.146409,0.164668,0.557502
0.141274,-0.399188,0.464874
0.161731,0.164668,0.110852
0.000000,0.000000,0.000000
0.152341,-0.056217,-0.061117
-0.174375,-0.115607,0.584757
0.000000,0.000000,0.000000
-0.123951,-0.387578,-0.465614
0.034069,0.164668,0.280719
0.152341,0.004411,-0.257645
-0.158595,0.009191,-0.468784
0.099561,-0.350085,-0.525463
0.074239,0.010733,-0.508683
0.000000,0.000000,0.000000
0.000000,0.000000,0.000000
0.158291,0.210448,-0.526869
0.151375,0.210448,-0.153983
0.160748,0.073565,0.522858
0.193986,-0.127218,-0.549836
-0.099527,0.131345,-0.500225
0.099307,-0.767922,0.457603
0.000000,0.000000,0.000000
-0.114849,0.152108,0.513536
0.000000,0.000000,0.000000
0.181800,-0.293424,0.541417
0.000000,0.000000,0.000000
0.168393,0.164668,0.400602
0.000000,0.000000,0.000000
-0.059865,0.016750,0.494908
0.152341,0.102497,-0.022964
-0.110408,-0.435748,0.461874
-0.149222,-0.385984,0.529892
-0.099594,-0.531580,-0.427546
0.000000,0.000000,0.000000
0.000000,0.000000,0.000000
-0.069018,0.164668,0.555587
0.000000,0.000000,0.000000
0.097290,-0.363408,-0.470580
0.152341,0.078887,-0.422563
-0.127171,-0.766142,0.410653
0.000000,0.000000,0.000000
-0.038899,0.190600,0.581113
0.126629,-0.213219,0.500688
0.051594,0.032852,0.494908
0.257089,0.191346,-0.006760
-0.031356,0.091582,0.520400
0.000000,0.000000,0.000000
0.000000,0.000000,0.000000
-0.167968,-0.381171,0.486061
-0.077950,0.164668,0.495976
0.121951,0.210448,-0.257374
0.000000,0.000000,0.000000
0.000000,0.000000,0.000000
0.178257,0.021293,-0.012286
0.226648,0.183261,-0.294222
0.192376,-0.154133,0.529875
0.000000,0.000000,0.000000
0.076391,-0.739684,0.460738
-0.146629,0.076039,0.479077
-0.172545,0.028852,0.355889
0.000000,0.000000,0.000000
0.000000,0.000000,0.000000
0.000000,0.000000,0.000000
-0.039949,0.144464,-0.515547
0.189901,-0.166896,-0.509581
0.193240,-0.193727,-0.531107
0.176783,0.164668,0.308906
0.185817,-0.089251,0.479552
0.152341,0.034327,-0.267747
-0.033288,0.150464,-0.508683
0.081171,-0.432731,-0.448902
0.000000,0.000000,0.000000
0.000000,0.000000,0.000000
0.000000,0.000000,0.000000
0.000000,0.000000,0.000000
0.000000,0.000000,0.000000
-0.094035,0.133294,-0.510598
0.000000,0.000000,0.000000
0.156019,-0.018928,0.263074
0.175647,0.164668,0.544163
-0.098171,-0.008623,0.494908
-0.199291,-0.109929,0.549011
0.123477,0.006360,-0.539022
-0.133358,0.164668,-0.514208
0.000000,0.000000,0.000000
-0.146629,0.037259,-0.472513
0.000000,0.000000,0.000000
0.062289,0.164668,0.076529
-0.047661,0.164668,0.478247
0.152341,-0.005148,0.110937
0.000000,0.000000,0.000000
0.000000,0.000000,0.000000
-0.159985,0.009191,0.193328
0.231105,0.169092,-0.074490
0.057323,-0.763786,-0.455648
0.108324,-0.365950,-0.462055
-0.183121,-0.127964,-0.522056
-0.166867,0.102887,-0.521225
-0.182070,-0.144489,-0.560616
0.178257,-0.030674,-0.001574
-0.094204,0.010903,0.531400
0.206597,0.170227,-0.260493
-0.192901,-0.127540,0.554723
0.221766,0.203228,0.336550
-0.196545,-0.076793,-0.513395
0.167647,0.210448,0.238582
0.167647,0.210448,0.238582
0.000000,0.000000,0.000000
0.159901,0.163295,-0.473699
0.094375,-0.005352,-0.517717
0.178257,0.150498,0.117581
0.184257,-0.023538,-0.478581
0.000000,0.000000,0.000000
0.189528,0.164668,-0.269255
0.156935,0.164668,0.076072
0.161342,0.141362,0.476349
0.128833,-0.417951,-0.499377
-0.008966,0.210448,0.433229
0.128121,0.164668,-0.443495
-0.172545,0.024784,-0.268577
0.152341,0.109531,-0.099321
0.062662,0.164668,0.414822
0.127782,-0.196558,-0.534497
0.000000,0.000000,0.000000
0.012882,0.164668,-0.425732
-0.183257,-0.125133,0.569553
0.178257,0.032903,-0.347189
0.000000,0.000000,0.000000
-0.125595,-0.232813,0.522010
-0.167290,0.009191,0.359821
-0.200291,-0.066556,0.515620
0.152341,-0.056217,-0.061117
0.232512,0.176905,0.056088
-0.057882,0.184092,-0.585345
0.000000,0.000000,0.000000
0.000000,0.000000,0.000000
0.178257,0.090497,-0.350799
0.000000,0.000000,0.000000
0.239783,0.183261,0.104987
-0.098120,-0.466680,-0.458851
-0.146629,0.019157,0.351110
0.000000,0.000000,0.000000
0.000000,0.000000,0.000000
0.161647,0.164668,-0.060100
0.178257,0.074056,0.236718
0.044204,0.049276,-0.508683
0.030001,0.164668,0.060478
-0.127934,0.079141,0.540875
0.000000,0.000000,0.000000
0.235038,0.200957,-0.479462
0.152341,0.096260,0.463331
0.000000,0.000000,0.000000
0.211749,0.164668,-0.078066
-0.136544,0.066294,0.463501
0.000000,0.000000,0.000000
0.178257,-0.008945,-0.291849
0.161782,0.121735,0.514451
0.000000,0.000000,0.000000
0.000000,0.000000,0.000000
0.080391,0.210448,0.432839
0.000000,0.000000,0.000000
0.060476,0.210448,-0.245255
0.035577,0.003259,0.494908
-0.146629,0.113769,0.495230
0.014356,0.210448,-0.539531
0.000000,0.000000,0.000000
0.076612,-0.821770,0.482688
0.000000,0.000000,0.000000
-0.097662,0.164668,-0.559955
-0.114052,-0.018979,-0.505276
-0.096289,-0.646361,-0.415800
0.130087,0.164668,0.104309
0.000000,0.000000,0.000000
0.178257,0.049378,-0.220289
-0.165934,-0.408900,-0.483038
0.036323,0.165786,0.542621
0.156460,-0.006013,0.223057
0.000000,0.000000,0.000000
-0.100188,-0.329000,0.542553
0.106256,0.210448,-0.483699
0.000000,0.000000,0.000000
0.000000,0.000000,0.000000
0.119036,-0.442002,0.494552
0.216597,0.166498,-0.510412
0.153274,0.164668,0.300177
0.000000,0.000000,0.000000
-0.178562,0.047819,0.524197
0.000000,0.000000,0.000000
0.193240,-0.223287,0.562638
0.020865,0.009106,0.513536
0.146324,0.164668,-0.375630
0.041255,0.210448,0.283363
-0.111289,-0.373493,0.523315
0.000000,0.000000,0.000000
0.000000,0.000000,0.000000
0.203224,0.183261,-0.372460
-0.152951,-0.505732,0.432128
0.000000,0.000000,0.000000
0.000000,0.000000,0.000000
0.071222,0.164668,0.497705
0.178257,0.065209,-0.176085
0.203105,0.207601,0.567536
0.000000,0.000000,0.000000
0.183444,-0.230355,0.564367
0.089256,0.107006,0.494908
-0.007915,0.042700,-0.515547
0.178257,0.020225,-0.325968
0.152341,0.159261,-0.172474
-0.101510,0.210448,-0.559056
-0.109425,0.079599,-0.490055
0.125731,0.164668,0.317787
0.152341,0.092107,0.075682
0.000000,0.000000,0.000000
0.000000,0.000000,0.000000
-0.097950,-0.550495,-0.425410
-0.147985,0.089633,0.471213
0.000000,0.000000,0.000000
0.005678,0.106481,-0.490055
0.000000,0.000000,0.000000
0.152341,0.102497,-0.022964
0.000000,0.000000,0.000000
0.070832,-0.770414,0.470332
-0.112323,-0.239830,-0.534090
0.000000,0.000000,0.000000
0.060289,-0.740837,0.460908
0.197478,0.210448,-0.308019
0.152341,0.154719,-0.080015
-0.127832,-0.331492,-0.475292
-0.028322,0.144735,-0.515547
0.000000,0.000000,0.000000
0.061188,0.210448,-0.432258
0.000000,0.000000,0.000000
0.000000,0.000000,0.000000
0.000000,0.000000,0.000000
-0.183850,0.078039,-0.497072
0.127714,-0.199863,-0.493293
-0.096713,0.164668,0.506146
0.159782,0.163414,0.486366
0.073239,0.164668,0.363855
0.096866,0.189550,0.565282
0.038238,0.210448,-0.381698
0.000000,0.000000,0.000000
0.000000,0.000000,0.000000
0.000000,0.000000,0.000000
0.068086,0.164668,-0.508717
0.094375,0.065056,0.531248
0.000000,0.000000,0.000000
-0.112459,-0.079624,-0.504327
0.098070,-0.054149,-0.543310
-0.126561,-0.854839,0.447297
0.095053,-0.540766,0.453077
0.210732,0.210448,-0.541615
-0.119086,-0.473206,-0.470462
0.178257,0.115803,0.301007
0.213647,0.210448,-0.039811
0.000000,0.000000,0.000000
0.055391,-0.704260,0.417924
-0.126730,-0.020979,0.464874
0.165172,0.015683,-0.385427
-0.115578,0.076328,-0.476411
0.000000,0.000000,0.000000
0.160748,0.164668,0.201023
0.000000,0.000000,0.000000
0.175223,0.210448,0.229870
0.000000,0.000000,0.000000
0.178257,-0.070081,0.035681
0.048781,0.210448,-0.127711
0.017899,0.210448,-0.267289
0.000000,0.000000,0.000000
-0.180155,-0.091607,0.512841
0.152341,0.124023,0.409534
0.000000,0.000000,0.000000
0.000000,0.000000,0.000000
0.000000,0.000000,0.000000
0.165172,0.015683,-0.385427
0.000000,0.000000,0.000000
0.152341,0.159261,-0.529463
0.091866,0.210448,0.445755
-0.121578,-0.745362,0.401398
0.047492,-0.680599,-0.443767
-0.170511,-0.107709,-0.587277
0.103290,0.049683,-0.532005
-0.038712,0.164668,-0.507344
-0.168934,-0.025911,-0.480852
0.048493,0.210448,0.466315
0.017187,0.210448,-0.330748
0.196020,-0.109302,0.525959
0.188613,-0.040267,0.476264
0.000000,0.000000,0.000000
0.135104,0.164668,0.156005
0.000000,0.000000,0.000000
0.000000,0.000000,0.000000
0.119070,0.164668,0.210684
0.125443,-0.222016,-0.512649
-0.144341,-0.734277,0.431009
0.062052,-0.636463,-0.412003
0.157257,0.174668,0.562977
-0.005135,0.164668,-0.388681
0.020068,0.210448,0.292770
0.106680,0.164668,0.194633
0.178257,0.074056,0.236718
0.205088,0.164668,0.074733
0.161782,0.121735,0.514451
0.152341,0.125379,0.310804
0.000000,0.000000,0.000000
0.192427,-0.250423,-0.558836
-0.137307,-0.226134,-0.501852
0.094375,0.130854,-0.522090
0.000000,0.000000,0.000000
0.177206,-0.082319,0.567367
0.094375,0.040836,0.488637
0.179562,0.164668,-0.123135
0.152341,0.052463,-0.102270
0.157630,0.091023,-0.479157
0.000000,0.000000,0.000000
0.178257,0.136515,0.335194
0.092307,-0.749362,-0.441478
-0.163646,-0.082319,-0.597531
0.000000,0.000000,0.000000
0.000000,0.000000,0.000000
0.209241,0.210448,0.299227
0.000000,0.000000,0.000000
0.152341,-0.008521,0.077224
0.182749,0.183261,0.563163
-0.128527,-0.137981,-0.576277
0.146646,0.039174,0.464332
-0.138002,-0.214643,-0.503750
-0.087170,0.106006,-0.515429
0.184613,-0.132320,-0.559005
0.194122,0.210448,0.080665
0.127782,-0.196558,-0.534497
0.011034,0.164668,0.000698
-0.127493,-0.600581,-0.442868
0.000000,0.000000,0.000000
0.126629,-0.213219,0.500688
0.000000,0.000000,0.000000
0.000000,0.000000,0.000000
0.152341,0.152363,0.167615
0.152341,0.104175,0.048393
0.239055,0.210448,0.022291
-0.198003,-0.246457,0.542095
-0.179104,-0.244864,0.526502
0.141765,0.210448,0.307600
0.000000,0.000000,0.000000
0.235038,0.200957,-0.479462
0.072205,0.210448,-0.332273
-0.173748,-0.299881,-0.552649
0.152341,0.002055,0.287515
0.152341,0.058497,0.338567
0.060289,-0.740837,0.460908
0.170003,0.012411,-0.472987
0.000000,0.000000,0.000000
-0.185443,-0.180337,0.564418
0.000000,0.000000,0.000000
0.178257,-0.062607,0.023393
0.000000,0.000000,0.000000
0.000000,0.000000,0.000000
0.147426,0.210448,0.412568
0.059493,-0.511935,-0.460902
0.163748,0.164668,-0.286442
0.000000,0.000000,0.000000
-0.154087,0.009191,0.175615
0.000000,0.000000,0.000000
0.112493,0.164668,-0.468716
0.032085,0.210448,0.150920
0.000000,0.000000,0.000000
0.106222,-0.391103,-0.460207
0.000000,0.000000,0.000000
0.000000,0.000000,0.000000
0.120680,-0.851788,0.463823
0.000000,0.000000,0.000000
0.187884,0.164668,0.133615
0.048781,0.210448,-0.127711
0.000000,0.000000,0.000000
0.000000,0.000000,0.000000
0.152341,-0.003538,-0.119423
0.000000,0.000000,0.000000
0.052238,0.210448,0.016478
0.094375,-0.005352,-0.517717
-0.147443,-0.347628,0.478077
-0.141307,-0.174642,0.508824
0.178257,0.115430,-0.234255
0.051594,0.032852,0.494908
0.180054,-0.007453,-0.504056
0.178257,0.049870,-0.205661
-0.146629,0.069972,0.459823
0.000000,0.000000,0.000000
0.191935,-0.175032,0.534265
0.152341,0.119616,-0.201644
0.176935,-0.315661,0.528400
0.193240,-0.183558,0.510163
0.169511,0.210448,0.286600
-0.054323,0.210448,0.534434
0.146646,0.039174,0.464332
0.000000,0.000000,0.000000
0.158562,0.164668,0.404737
-0.101255,0.063700,0.513536
-0.144358,-0.390476,0.469721
-0.112052,-0.599123,0.400212
0.061222,-0.578241,0.458552
0.000000,0.000000,0.000000
0.000000,0.000000,0.000000
0.152341,0.048886,0.352601
0.180494,-0.253220,0.489823
0.000000,0.000000,0.000000
-0.148273,-0.753566,0.430145
0.069628,0.164668,-0.311832
-0.136053,-0.662582,-0.426359
0.000000,0.000000,0.000000
-0.178104,-0.266999,0.566502
-0.141205,-0.016131,-0.461801
0.121324,0.043344,0.464332
0.152341,-0.010386,-0.171559
0.178257,0.096141,-0.306307
0.000000,0.000000,0.000000
-0.150832,-0.844042,0.455365
0.212580,0.183261,0.431687
-0.114052,-0.018979,-0.505276
0.000000,0.000000,0.000000
-0.146629,0.019191,0.168870
0.107510,0.109616,0.527146
-0.133968,-0.642310,-0.430139
-0.115273,0.035395,0.497637
0.000000,0.000000,0.000000
0.147426,0.210448,0.412568
0.000000,0.000000,0.000000
0.000000,0.000000,0.000000
0.167901,-0.346068,-0.532836
0.098086,0.210448,-0.527073
0.108697,-0.305831,-0.492140
0.000000,0.000000,0.000000
0.020068,0.210448,0.292770
0.220037,0.209194,0.410704
-0.128595,-0.836821,0.439280
0.000000,0.000000,0.000000
0.000000,0.000000,0.000000
0.169511,0.210448,0.286600
-0.127002,-0.045945,-0.574073
0.032085,0.210448,0.150920
0.173427,0.210448,-0.152983
0.159782,0.163414,0.486366
0.000000,0.000000,0.000000
0.188715,0.164668,-0.485445
0.153087,-0.015572,-0.459479
0.065222,-0.776498,-0.425071
0.021340,0.183261,0.555502
0.133663,-0.418324,-0.470852
0.178715,-0.307492,0.481518
-0.028492,0.164668,0.531383
0.000000,0.000000,0.000000
0.152291,-0.208304,-0.492801
0.000000,0.000000,0.000000
0.189715,0.210448,0.316956
0.000000,0.000000,0.000000
0.000000,0.000000,0.000000
0.000000,0.000000,0.000000
-0.143561,-0.114014,0.495603
0.178257,0.164566,-0.340341
0.134341,-0.134845,0.491569
0.000000,0.000000,0.000000
0.107137,0.164668,0.411043
0.194173,0.164668,-0.507208
0.000000,0.000000,0.000000
0.000000,0.000000,0.000000
-0.144663,-0.763363,0.421704
0.123477,0.006360,-0.539022
0.106629,-0.872212,-0.466055
-0.161138,0.125599,0.537400
0.000000,0.000000,0.000000
-0.174375,-0.115607,0.584757
0.061849,0.210448,-0.495835
0.030458,0.210448,-0.491157
-0.097950,-0.550495,-0.425410
-0.111764,-0.061149,0.496671
0.065357,0.147718,0.513536
-0.176155,0.083480,0.490213
0.128121,0.164668,-0.443495
-0.127002,-0.045945,-0.574073
0.000000,0.000000,0.000000
-0.122239,-0.425985,-0.446394
0.071222,0.164668,0.497705
0.178257,0.107091,0.220565
0.142341,-0.051064,-0.462563
0.000000,0.000000,0.000000
-0.099832,-0.815889,0.467925
-0.110781,-0.750278,-0.408241
-0.146629,0.019191,0.168870
0.020865,0.009106,0.513536
0.178257,0.153329,-0.272340
0.167206,0.005988,-0.426732
0.161952,0.013039,-0.405919
-0.092137,0.210448,-0.544649
0.000000,0.000000,0.000000
-0.115273,0.146261,0.505129
0.157986,-0.369933,-0.479665
0.174393,0.210448,0.095377
0.207224,0.210448,-0.070117
0.000000,0.000000,0.000000
-0.155900,-0.418985,-0.490343
0.123629,-0.233643,-0.531564
0.000000,0.000000,0.000000
0.000000,0.000000,0.000000
0.070544,0.210448,-0.233628
0.087747,0.210448,-0.437665
0.178257,0.091955,-0.040693
0.148731,0.164668,-0.505784
0.203105,0.207601,0.567536
0.041933,0.127684,-0.515547
-0.070797,0.210448,-0.577531
-0.095272,-0.659700,-0.417342
0.000000,0.000000,0.000000
0.000000,0.000000,0.000000
-0.000678,0.210448,-0.520225
0.178257,0.102616,0.260227
0.190444,-0.047284,0.516705
0.000000,0.000000,0.000000
0.107290,0.164668,0.121835
0.196359,-0.084793,-0.527852
-0.112595,0.107921,0.526468
-0.117646,-0.221677,0.536977
-0.127832,-0.331492,-0.475292
-0.143188,-0.624191,0.423331
0.108341,0.055615,-0.459479
-0.166561,0.009191,0.179870
0.000000,0.000000,0.000000
0.112493,0.164668,-0.468716
0.067272,-0.531597,0.425450
0.000000,0.000000,0.000000
0.000000,0.000000,0.000000
0.036780,0.164668,0.142564
0.152341,0.065717,-0.313154
0.000000,0.000000,0.000000
0.074934,-0.815855,-0.457851
0.000000,0.000000,0.000000
0.000000,0.000000,0.000000
0.000000,0.000000,0.000000
0.000000,0.000000,0.000000
0.000000,0.000000,0.000000
0.129680,0.164668,0.451806
0.000000,0.000000,0.000000
0.189528,0.164668,-0.269255
0.000000,0.000000,0.000000
0.152341,0.025462,-0.288357
0.000000,0.000000,0.000000
0.168647,0.073683,-0.459479
-0.146629,0.024886,0.397551
0.047798,-0.626140,-0.413275
0.000000,0.000000,0.000000
0.132070,0.070327,-0.528446
0.000000,0.000000,0.000000
0.078544,-0.607988,0.417822
-0.079730,0.029344,-0.508683
0.105883,-0.831906,-0.443885
-0.039949,0.144464,-0.515547
0.152341,0.080480,-0.316188
-0.115120,-0.400001,0.508332
0.178257,-0.021437,-0.037540
0.216139,0.183261,0.492908
-0.182833,-0.109506,-0.568650
-0.028322,0.164668,0.423009
0.000000,0.000000,0.000000
0.115324,-0.111929,-0.496649
0.000000,0.000000,0.000000
0.073239,0.164668,0.363855
0.000000,0.000000,0.000000
0.152341,-0.018725,-0.036676
0.114426,-0.093234,-0.562599
0.038730,0.210448,-0.261510
0.152341,0.030140,-0.216560
0.000000,0.000000,0.000000
0.152341,0.125379,0.310804
0.166748,0.164668,-0.262645
-0.121798,-0.540885,-0.449546
-0.079459,0.164668,-0.480920
0.000000,0.000000,0.000000
0.000000,0.000000,0.000000
-0.150595,-0.320577,-0.482479
-0.178104,-0.266999,0.566502
0.156392,0.210448,0.358601
0.000000,0.000000,0.000000
-0.025695,0.164668,-0.348443
-0.098171,-0.008623,0.494908
0.152341,0.107447,0.382839
0.000000,0.000000,0.000000
0.165274,0.164668,-0.158372
0.074239,0.010733,-0.508683
0.121951,0.210448,-0.257374
0.057560,0.210448,-0.209238
0.159070,0.133752,-0.466089
0.025458,0.164668,-0.170288
-0.124696,-0.358272,-0.533751
0.171732,0.210448,0.145700
-0.144341,-0.734277,0.431009
-0.099018,-0.543936,0.430280
0.101002,0.164668,0.283431
0.174562,0.183261,-0.561446
0.000000,0.000000,0.000000
-0.161155,0.111667,-0.475242
0.165223,-0.325407,-0.469869
0.072950,0.164668,-0.403054
0.000000,0.000000,0.000000
0.000000,0.000000,0.000000
0.152341,0.138651,-0.079100
-0.111866,-0.691853,0.433517
0.000000,0.000000,0.000000
0.090493,-0.852652,-0.449733
0.087374,-0.732515,-0.416241
-0.107544,-0.771007,-0.421241
0.079425,0.164668,-0.422241
0.000000,0.000000,0.000000
-0.061780,0.084684,0.494908
0.104053,0.210448,0.158513
0.000000,0.000000,0.000000
0.178257,0.121362,0.146344
0.094375,0.098243,-0.507276
-0.117679,-0.771685,-0.406596
0.198918,0.210448,-0.226001
0.128121,0.164668,-0.443495
0.178257,0.053853,0.064122
0.000000,0.000000,0.000000
0.194596,0.164668,-0.185949
0.174562,0.183261,-0.561446
-0.176290,-0.307576,0.550536
-0.059628,0.164668,0.528129
0.089730,-0.572021,-0.420088
0.000000,0.000000,0.000000
-0.127188,-0.170456,0.525858
0.094375,0.102175,0.519366
0.162257,0.210448,-0.434699
0.108120,0.164668,-0.106185
0.171732,0.210448,0.145700
0.117561,0.022022,-0.535547
0.017187,0.210448,-0.330748
0.000000,0.000000,0.000000
0.174393,0.210448,0.095377
-0.104222,-0.687226,-0.404918
0.000000,0.000000,0.000000
0.033696,0.164668,-0.344375
0.133833,0.210448,-0.204373
0.152341,0.043717,-0.013879
0.027729,0.164668,0.249125
-0.147985,0.089633,0.471213
-0.005949,0.108701,0.513536
0.000000,0.000000,0.000000
0.116951,-0.265915,0.520773
-0.121239,-0.566495,0.448467
0.065900,-0.486070,0.448755
0.094375,0.068582,-0.503378
0.000000,0.000000,0.000000
-0.118866,-0.487969,0.421721
0.047798,-0.626140,-0.413275
-0.112645,-0.474765,-0.432258
0.203105,0.207601,0.567536
-0.146629,0.037259,-0.472513
-0.099594,-0.531580,-0.427546
0.171426,0.164668,0.123191
0.024001,0.210448,0.452196
-0.121171,-0.242745,0.575435
0.000000,0.000000,0.000000
0.152341,0.017428,-0.352341
-0.036373,0.129955,-0.515547
0.048594,-0.601428,-0.413885
-0.101916,0.190397,-0.597345
0.185410,-0.235830,-0.488615
0.178257,0.090497,-0.350799
0.072137,-0.719277,-0.451445
-0.138036,-0.110980,-0.588803
0.173308,-0.312475,-0.472580
0.000000,0.000000,0.000000
-0.127832,-0.331492,-0.475292
0.256207,0.188397,0.056427
-0.116476,-0.283542,0.564011
0.000000,0.000000,0.000000
0.000000,0.000000,0.000000
0.040814,0.063327,0.494908
-0.055865,0.164668,0.399280
0.000000,0.000000,0.000000
0.128833,-0.417951,-0.499377
-0.149663,-0.826533,-0.492513
-0.113357,0.131633,-0.490055
-0.034390,0.210448,0.457077
-0.089442,0.138769,0.494908
-0.129120,-0.188998,-0.579480
0.178257,-0.010386,0.144581
0.203647,0.208245,-0.562022
0.165274,0.164668,-0.158372
0.000000,0.000000,0.000000
0.000000,0.000000,0.000000
0.000000,0.000000,0.000000
0.106629,-0.872212,-0.466055
0.000000,0.000000,0.000000
0.082832,0.055819,-0.490055
0.110561,-0.296813,-0.526056
0.178257,0.090497,-0.350799
-0.123730,-0.044556,0.472366
0.039594,0.210448,0.475484
0.152341,0.041429,0.212768
0.000000,0.000000,0.000000
0.105832,0.164668,-0.228204
0.000000,0.000000,0.000000
-0.074916,0.167922,0.578045
-0.140426,-0.692734,0.424704
0.000000,0.000000,0.000000
-0.127002,0.000208,-0.558751
-0.143188,-0.275542,0.494196
0.000000,0.000000,0.000000
0.226427,0.194465,-0.298680
0.178257,0.157871,-0.064168
0.000000,0.000000,0.000000
0.000000,0.000000,0.000000
0.226427,0.194465,-0.298680
-0.146629,0.038666,-0.299663
-0.136239,-0.769939,0.461484
-0.155138,-0.041488,-0.591565
-0.007915,0.042700,-0.515547
0.106070,-0.791838,-0.430054
-0.147443,-0.347628,0.478077
-0.013712,0.210448,-0.531225
0.000000,0.000000,0.000000
-0.187121,-0.238524,0.556129
0.152341,0.100260,-0.081304
0.172020,0.164668,0.349093
0.000000,0.000000,0.000000
-0.157392,0.009191,-0.334070
-0.146629,0.019157,0.351110
0.000000,0.000000,0.000000
0.153782,0.164668,-0.023794
0.000000,0.000000,0.000000
0.148918,-0.134557,0.563163
0.177766,-0.309576,0.549214
0.192376,-0.154320,-0.557412
0.000000,0.000000,0.000000
0.000000,0.000000,0.000000
0.152341,0.109531,-0.099321
0.188715,0.164668,-0.485445
-0.144663,-0.763363,0.421704
-0.039017,0.210448,0.545350
0.198918,0.210448,-0.226001
-0.148849,-0.608784,0.413263
0.152341,0.017428,-0.352341
-0.028322,0.164668,0.423009
0.149426,-0.378662,0.473416
0.160392,0.164668,0.154005
-0.073747,0.060649,-0.490055
0.178257,0.038480,-0.448428
-0.115578,0.076328,-0.476411
0.152341,0.145820,0.309634
-0.099594,-0.809279,-0.458580
-0.133781,-0.179795,0.517620
-0.098171,-0.008623,0.494908
0.116646,0.210448,0.012613
-0.126883,-0.167846,-0.521039
-0.144663,-0.763363,0.421704
0.157325,0.164668,0.470569
-0.162324,-0.097844,-0.599565
-0.112459,-0.079624,-0.504327
0.027729,0.164668,0.249125
0.056764,0.164668,0.276651
0.144138,-0.363577,-0.462394
0.000000,0.000000,0.000000
-0.107306,-0.413476,-0.491394
0.234122,0.183261,-0.043879
0.000000,0.000000,0.000000
0.178257,0.140142,-0.331494
0.129680,0.164668,0.451806
0.160087,0.134091,-0.475852
-0.163646,-0.082319,-0.597531
0.142426,0.210448,0.190090
0.129561,0.164668,0.360720
0.000000,0.000000,0.000000
0.105883,-0.831906,-0.443885
0.000000,0.000000,0.000000
0.000000,0.000000,0.000000
0.101442,0.164668,-0.191831
-0.099594,-0.809279,-0.458580
0.000000,0.000000,0.000000
-0.101476,-0.583699,-0.426580
0.000000,0.000000,0.000000
0.000000,0.000000,0.000000
0.067103,0.090955,0.513536
0.118002,0.049768,-0.459479
0.178257,0.046598,-0.425190
0.178257,0.074107,0.259193
-0.060458,0.210448,0.498993
0.196240,-0.082522,0.567214
0.130562,0.147583,-0.524903
0.152341,0.078887,-0.422563
0.233292,0.197956,-0.240238
-0.146629,0.025869,-0.346019
-0.154832,0.074107,-0.542920
0.000000,0.000000,0.000000
0.168071,0.164668,-0.273391
0.000000,0.000000,0.000000
0.000000,0.000000,0.000000
-0.099594,-0.809279,-0.458580
0.000000,0.000000,0.000000
-0.150595,-0.320577,-0.482479
0.000000,0.000000,0.000000
0.000000,0.000000,0.000000
0.171884,-0.063827,0.077665
-0.150765,-0.490901,-0.449089
0.152291,-0.208304,-0.492801
0.174308,0.164668,-0.357358
-0.162867,0.084938,-0.530225
0.000271,0.096684,0.520400
0.083917,-0.425392,0.491264
-0.116476,-0.283542,0.564011
0.152341,0.065717,-0.313154
0.000000,0.000000,0.000000
-0.135866,-0.840228,-0.504954
0.152341,0.142549,-0.011014
0.173427,0.210448,-0.152983
0.000000,0.000000,0.000000
0.000000,0.000000,0.000000
0.000000,0.000000,0.000000
-0.123730,-0.044556,0.472366
0.081951,0.164668,0.191107
0.000000,0.000000,0.000000
-0.069018,0.164668,0.555587
-0.013305,0.164668,-0.336477
-0.095527,-0.312356,-0.530666
0.000000,0.000000,0.000000
0.167409,0.164668,0.049817
0.000000,0.000000,0.000000
-0.086747,0.210448,0.550723
0.000000,0.000000,0.000000
0.161528,0.164668,-0.297680
0.178257,0.063395,0.437365
0.203715,0.164668,0.168225
0.094375,0.065056,0.531248
0.072578,0.210448,-0.127931
-0.163646,-0.152422,0.595113
0.000000,0.000000,0.000000
0.000000,0.000000,0.000000
0.150358,0.148583,-0.525700
0.115934,-0.463206,-0.469174
-0.124934,0.067107,-0.462546
-0.120290,0.038141,-0.542446
-0.172545,0.012140,0.373805
0.257089,0.191346,-0.006760
0.162715,0.164668,0.553757
0.178257,0.017717,0.150039
0.185122,0.164668,0.151581
0.118849,-0.378747,-0.515140
0.239055,0.210448,0.022291
0.203647,0.208245,-0.562022
0.120985,-0.450206,0.489230
0.152341,0.080480,-0.316188
0.090493,-0.852652,-0.449733
-0.111544,-0.090522,-0.571548
-0.101357,-0.698904,0.427212
0.017475,0.210448,-0.516225
-0.151646,-0.554088,0.424789
0.085154,0.063751,-0.508683
0.234122,0.183261,-0.043879
0.122409,0.164668,-0.488445
0.000000,0.000000,0.000000
-0.163748,0.009191,0.378483
0.130562,0.147583,-0.524903
0.040611,0.210448,0.526977
-0.132239,0.009886,-0.455750
0.000000,0.000000,0.000000
0.105883,-0.831906,-0.443885
0.173342,0.183261,-0.570684
0.169477,0.020496,0.493383
-0.055865,0.164668,0.399280
0.000000,0.000000,0.000000
0.000000,0.000000,0.000000
0.178257,0.038666,0.101462
0.145087,-0.219321,0.564350
0.057560,0.164668,-0.483021
0.183206,-0.019572,0.549282
0.000000,0.000000,0.000000
0.000000,0.000000,0.000000
0.000000,0.000000,0.000000
-0.198003,-0.246457,0.542095
0.038238,0.210448,-0.381698
0.152341,0.081514,-0.326799
0.138528,-0.299051,0.480247
-0.196138,-0.025843,0.532739
-0.099594,-0.809279,-0.458580
0.000000,0.000000,0.000000
-0.182833,-0.109506,-0.568650
-0.035916,0.094955,-0.490055
0.152341,0.116718,-0.381376
0.137511,-0.312848,-0.543632
-0.114849,-0.053403,-0.484191
-0.109171,-0.792906,0.436518
0.000000,0.000000,0.000000
0.178257,0.003699,0.286854
0.152341,0.152363,0.167615
-0.146188,-0.795482,-0.467631
0.106680,-0.079573,-0.559955
-0.128595,-0.836821,0.439280
0.100120,0.183261,-0.544005
0.173562,-0.088505,-0.038066
-0.146205,-0.479291,-0.462513
0.152341,0.068938,0.117971
0.178257,0.068565,0.356076
0.043306,0.164668,-0.108524
0.000000,0.000000,0.000000
0.046747,0.210448,-0.270645
0.071950,0.164668,-0.048100
0.161731,0.164668,0.110852
0.055493,-0.535224,-0.435309
-0.172545,0.071751,-0.422207
0.000000,0.000000,0.000000
0.000000,0.000000,0.000000
0.120985,-0.450206,0.489230
-0.105459,-0.359374,0.525688
0.000000,0.000000,0.000000
0.067103,0.090955,0.513536
0.000000,0.000000,0.000000
-0.070797,0.210448,-0.577531
0.157460,0.210448,-0.296730
0.166291,-0.010826,0.130818
0.104544,-0.325865,-0.540598
-0.149782,-0.196236,-0.593413
0.000000,0.000000,0.000000
0.071476,0.151227,-0.508683
-0.183850,0.078039,-0.497072
-0.129375,-0.149591,0.517298
0.161342,0.141362,0.476349
0.000000,0.000000,0.000000
0.000000,0.000000,0.000000
0.000000,0.000000,0.000000
0.155138,0.019395,-0.366816
0.161562,0.140837,0.494281
0.000000,0.000000,0.000000
0.000000,0.000000,0.000000
0.235309,0.210448,0.061004
0.146646,0.039174,0.464332
0.172020,0.164668,0.349093
0.212563,0.183261,-0.233153
0.211749,0.164668,-0.078066
-0.174053,-0.056556,-0.489293
-0.100018,-0.497884,0.452891
0.241292,0.210448,0.104258
0.000000,0.000000,0.000000
0.178257,0.128769,0.084987
0.142426,0.210448,0.190090
0.060357,0.054395,-0.508683
-0.136764,-0.407832,0.518976
-0.119256,-0.383883,0.519281
0.152341,0.075277,0.348516
0.119070,0.164668,0.210684
0.003509,0.210448,-0.420563
-0.135002,-0.300085,-0.567056
-0.154087,0.009191,0.175615
0.162715,0.164668,0.553757
0.084985,0.164668,-0.523988
0.193461,-0.232338,-0.527869
0.000000,0.000000,0.000000
0.168393,0.164668,0.400602
0.198681,0.164668,-0.353884
0.068917,-0.800753,-0.445817
-0.146629,0.025869,-0.346019
0.000000,0.000000,0.000000
0.152240,0.210448,-0.039506
-0.149595,-0.517579,-0.421292
0.000000,0.000000,0.000000
-0.095018,0.070260,-0.506903
-0.162595,0.065107,-0.538988
0.032848,0.164668,0.524197
0.000000,0.000000,0.000000
-0.138002,-0.214643,-0.503750
0.152341,0.147786,0.386788
0.000271,0.096684,0.520400
0.000000,0.000000,0.000000
0.215936,0.166770,0.510163
0.157257,0.174668,0.562977
0.000000,0.000000,0.000000
-0.055865,0.164668,0.399280
0.000000,0.000000,0.000000
0.000000,0.000000,0.000000
0.000000,0.000000,0.000000
0.204766,0.164668,0.211209
0.000000,0.000000,0.000000
0.000000,0.000000,0.000000
-0.148849,-0.608784,0.413263
0.000000,0.000000,0.000000
0.079086,0.164668,0.200412
-0.130375,-0.022996,-0.454784
0.224715,0.199177,0.387585
0.162257,0.210448,-0.434699
0.193240,-0.186964,0.549773
0.152341,0.034615,-0.113914
0.152341,0.109531,-0.099321
-0.127934,0.079141,0.540875
0.057560,0.164668,-0.483021
-0.146629,0.058039,0.349482
-0.115273,0.146261,0.505129
0.165511,0.210448,0.220684
-0.163646,-0.152422,0.595113
0.000000,0.000000,0.000000
0.000000,0.000000,0.000000
0.000000,0.000000,0.000000
-0.166053,-0.312068,-0.495140
-0.149595,-0.517579,-0.421292
-0.038051,0.210448,-0.536361
-0.137053,-0.363289,0.547180
0.000000,0.000000,0.000000
0.038577,0.210448,-0.126847
0.178257,0.007784,-0.098355
0.152341,0.142820,-0.262594
0.094663,-0.756413,0.460501
0.152341,0.031615,-0.088456
0.178257,0.041920,-0.262899
-0.183257,-0.125133,0.569553
0.000000,0.000000,0.000000
0.029967,0.164668,-0.495276
-0.121578,-0.745362,0.401398
0.178257,0.090921,-0.331629
0.000000,0.000000,0.000000
0.178257,0.032903,-0.347189
0.000000,0.000000,0.000000
0.000000,0.000000,0.000000
-0.168121,0.029903,0.502773
0.128833,-0.417951,-0.499377
0.178257,0.153329,-0.272340
0.178257,0.131939,-0.109168
0.175647,0.164668,0.544163
-0.092137,0.210448,-0.544649
0.123239,-0.235491,0.510468
0.048645,-0.600513,0.455738
0.110561,-0.296813,-0.526056
0.000000,0.000000,0.000000
0.000000,0.000000,0.000000
0.196274,-0.094878,0.496315
-0.097120,0.210448,-0.575294
0.122646,0.210448,-0.395003
0.000000,0.000000,0.000000
0.138935,0.164668,0.232650
-0.121679,0.093091,-0.528310
0.000000,0.000000,0.000000
0.054493,0.210448,0.107835
0.000000,0.000000,0.000000
0.000000,0.000000,0.000000
0.059001,0.210448,0.264990
0.121324,0.043344,0.464332
-0.119018,-0.376154,-0.474174
-0.144358,-0.390476,0.469721
0.000000,0.000000,0.000000
-0.097510,-0.739159,0.429161
-0.101459,-0.667751,-0.421698
0.028475,0.164668,0.171497
0.000000,0.000000,0.000000
0.000000,0.000000,0.000000
0.170003,0.012411,-0.472987
0.189901,-0.166896,-0.509581
-0.126561,-0.854839,0.447297
0.218105,0.209465,0.328567
0.105697,0.210448,0.264939
-0.081069,-0.057386,0.540706
0.152341,0.073785,0.053088
0.000000,0.000000,0.000000
0.000000,0.000000,0.000000
0.000000,0.000000,0.000000
0.001238,0.046039,0.494908
0.152341,0.065717,-0.313154
0.000000,0.000000,0.000000
0.179630,-0.050539,0.562384
0.000000,0.000000,0.000000
