-0.244391,0.037639,0.086501
-0.244391,0.037639,0.086501
-0.244391,0.037639,0.086501
-0.122054,-0.060918,0.062822
0.069158,0.080622,0.058854
0.232902,-0.059366,0.083398
0.056594,-0.086631,0.056743
0.244525,-0.027319,0.083092
0.244525,-0.027319,0.083092
0.014348,-0.084342,0.054301
-0.209089,-0.042987,0.074674
-0.119689,0.078664,0.061143
-0.119689,0.078664,0.061143
-0.005770,0.084437,0.054021
-0.005770,0.084437,0.054021
-0.005770,0.084437,0.054021
-0.068007,0.082759,0.056285
-0.068007,0.082759,0.056285
0.043088,-0.043444,0.052114
0.138491,0.076680,0.063178
0.138491,0.076680,0.063178
0.273062,-0.000512,0.089858
0.273062,-0.000512,0.089858
0.273062,-0.000512,0.089858
-0.261076,0.036901,0.086704
0.276724,0.016147,0.090163
0.108377,-0.059951,0.056336
-0.231420,-0.038637,0.077421
0.252842,-0.034492,0.082635
-0.107124,-0.070684,0.055802
0.225984,0.061470,0.075767
-0.132635,0.080902,0.058498
0.089582,-0.084520,0.053742
0.291781,0.007449,0.090341
0.050057,0.087388,0.049799
0.124757,-0.063257,0.053411
-0.193396,0.074925,0.065009
0.003869,0.089804,0.045908
0.003869,0.089804,0.045908
0.064834,-0.050541,0.044560
-0.307162,0.002515,0.090087
0.095508,-0.058578,0.045984
0.039655,-0.042580,0.040796
0.039655,-0.042580,0.040796
0.039655,-0.042580,0.040796
-0.153084,-0.065953,0.053258
-0.153084,-0.065953,0.053258
-0.178034,-0.062545,0.057379
0.231223,-0.024878,0.066611
-0.035146,0.092093,0.041762
-0.035146,0.092093,0.041762
0.274206,0.057503,0.078184
-0.304593,0.040462,0.085636
0.314392,0.029093,0.088510
0.286262,0.054476,0.079837
0.286262,0.054476,0.079837
-0.289282,0.052823,0.080676
-0.315657,-0.015493,0.087086
-0.315657,-0.015493,0.087086
-0.219542,-0.059620,0.060711
-0.219542,-0.059620,0.060711
-0.219542,-0.059620,0.060711
0.327796,0.017826,0.090036
0.327796,0.017826,0.090036
0.134498,-0.086784,0.045527
-0.323796,-0.012110,0.087899
-0.323796,-0.012110,0.087899
-0.045930,-0.086784,0.037032
0.172140,-0.085436,0.050639
0.172140,-0.085436,0.050639
-0.303245,0.055239,0.079430
-0.303245,0.055239,0.079430
0.293689,-0.058018,0.076480
0.295673,-0.046802,0.076251
0.252562,-0.044945,0.062389
-0.162723,-0.071803,0.044280
-0.162723,-0.071803,0.044280
0.070379,-0.078772,0.033573
0.070379,-0.078772,0.033573
-0.113839,-0.075873,0.035734
-0.113839,-0.075873,0.035734
-0.059080,0.096213,0.032403
0.205001,-0.032482,0.047968
0.284863,-0.070125,0.069994
0.182390,-0.067785,0.044331
0.230714,-0.031338,0.052673
0.130352,-0.035941,0.033598
-0.125411,0.094407,0.036828
-0.347297,0.030873,0.088027
0.073940,-0.054661,0.027621
0.067886,0.097180,0.029783
-0.285467,0.073170,0.066662
-0.013299,-0.088513,0.023857
-0.013299,-0.088513,0.023857
-0.112135,0.097027,0.030266
-0.112135,0.097027,0.030266
-0.112135,0.097027,0.030266
-0.227478,0.087591,0.049494
0.118678,-0.036984,0.024772
0.047666,-0.075695,0.020932
0.047666,-0.075695,0.020932
0.151132,-0.047743,0.027926
-0.067753,-0.083859,0.020983
0.357019,-0.028718,0.082431
0.357019,-0.028718,0.082431
0.160339,-0.060307,0.029986
-0.182205,0.094611,0.036421
0.093422,0.099011,0.023704
0.078620,-0.049676,0.018389
0.078620,-0.049676,0.018389
-0.267053,0.084132,0.054454
0.188265,-0.034161,0.032606
0.066513,-0.053084,0.017193
0.123027,-0.088513,0.025179
0.123027,-0.088513,0.025179
-0.377589,-0.001784,0.088535
0.204441,-0.054508,0.035480
-0.361616,-0.030041,0.080524
-0.361616,-0.030041,0.080524
-0.384710,0.003914,0.088993
0.243075,-0.039477,0.041406
-0.344448,-0.045123,0.072665
-0.321812,0.073984,0.065925
-0.386948,0.028203,0.087976
0.366353,-0.035128,0.079328
-0.294801,0.082301,0.056870
-0.040055,0.100969,0.014294
0.322582,-0.060155,0.063941
0.322582,-0.060155,0.063941
0.117432,0.100079,0.019279
0.163798,-0.088513,0.023857
0.193962,-0.088513,0.027189
0.193962,-0.088513,0.027189
0.267644,0.090313,0.044992
0.046878,-0.088513,0.008647
0.046878,-0.088513,0.008647
-0.382497,-0.028515,0.080142
-0.198280,0.097714,0.028053
-0.045244,-0.086987,0.005824
-0.034943,-0.088412,0.004705
-0.034943,-0.088412,0.004705
0.138872,-0.088513,0.012284
0.138872,-0.088513,0.012284
0.063257,-0.088513,0.004298
-0.404269,-0.018672,0.083270
-0.268274,-0.075262,0.037286
-0.048754,-0.093982,0.000305
-0.048754,-0.093982,0.000305
-0.048754,-0.093982,0.000305
0.185086,0.100791,0.015336
0.417323,0.045574,0.083855
-0.186046,-0.080858,0.012793
-0.186046,-0.080858,0.012793
-0.429983,0.017317,0.088281
-0.088202,0.102038,0.000763
-0.215091,0.099952,0.019838
-0.215091,0.099952,0.019838
-0.215091,0.099952,0.019838
0.430269,-0.016612,0.086755
-0.072636,-0.083172,-0.003714
0.099806,0.101987,-0.000865
0.025157,-0.088513,-0.007147
0.025157,-0.088513,-0.007147
0.094541,0.120706,0.000305
0.094541,0.120706,0.000305
0.094541,0.120706,0.000305
0.094541,0.120706,0.000305
0.213419,-0.088488,0.014446
0.135541,0.102012,0.001704
0.069769,-0.088513,-0.007605
-0.147208,-0.080858,-0.001653
0.039324,-0.043495,-0.014116
0.277716,-0.083325,0.023806
0.277716,-0.083325,0.023806
0.454940,-0.014577,0.087365
0.033627,-0.040011,-0.019940
0.033627,-0.040011,-0.019940
0.033627,-0.040011,-0.019940
0.371288,0.085836,0.052139
0.005650,-0.088513,-0.018007
0.333951,0.093644,0.038481
0.314824,0.096417,0.031818
0.314824,0.096417,0.031818
0.056136,-0.049371,-0.020525
0.056136,-0.049371,-0.020525
0.056136,-0.049371,-0.020525
0.017171,-0.088513,-0.020246
0.017171,-0.088513,-0.020246
0.337461,-0.075873,0.035785
0.076025,-0.088513,-0.017804
0.386472,-0.065877,0.053335
0.468903,-0.007583,0.088866
0.468903,-0.007583,0.088866
-0.109108,-0.080731,-0.016583
-0.386389,0.085048,0.053258
-0.386389,0.085048,0.053258
0.349796,-0.074830,0.038227
0.349796,-0.074830,0.038227
0.349796,-0.074830,0.038227
-0.414519,-0.050617,0.061855
-0.414519,-0.050617,0.061855
0.049905,-0.039121,-0.024976
0.049905,-0.039121,-0.024976
0.049905,-0.039121,-0.024976
-0.150973,-0.080858,-0.013531
-0.455874,0.050839,0.079735
-0.029678,0.098706,-0.023450
0.470887,0.039775,0.085865
-0.292868,-0.080858,0.016430
-0.292868,-0.080858,0.016430
-0.132762,0.100359,-0.016380
0.406565,0.082352,0.056794
-0.273895,-0.080858,0.009181
-0.461139,-0.020452,0.077344
-0.461139,-0.020452,0.077344
0.105503,-0.063232,-0.024722
0.043724,0.097409,-0.027647
0.043724,0.097409,-0.027647
0.231961,-0.087750,-0.003586
0.231961,-0.087750,-0.003586
-0.476196,-0.002598,0.082228
-0.476196,-0.002598,0.082228
-0.333207,-0.079535,0.024264
-0.333207,-0.079535,0.024264
0.067912,-0.052473,-0.030928
0.049777,-0.046471,-0.033064
0.489759,0.032298,0.087849
-0.468439,0.055239,0.077192
-0.468439,0.055239,0.077192
0.497491,0.010221,0.090367
0.497491,0.010221,0.090367
0.497491,0.010221,0.090367
0.325736,0.100028,0.019406
-0.488862,0.020318,0.083881
-0.488862,0.020318,0.083881
0.077780,-0.037467,-0.035023
0.148003,0.098706,-0.023501
0.206221,-0.088513,-0.015133
0.147062,-0.067683,-0.027291
0.147062,-0.067683,-0.027291
0.008473,0.093975,-0.036371
0.008473,0.093975,-0.036371
-0.101122,-0.078848,-0.033853
0.102578,-0.061324,-0.034997
-0.289867,-0.080858,0.000839
-0.289867,-0.080858,0.000839
0.172165,-0.036781,-0.028563
-0.429906,0.085887,0.052038
-0.090084,0.093873,-0.036574
0.168961,-0.059671,-0.029682
0.252181,-0.086962,-0.012615
0.178600,-0.052855,-0.030495
0.178600,-0.052855,-0.030495
0.519720,-0.005777,0.089146
-0.264204,0.101376,-0.009894
-0.264204,0.101376,-0.009894
-0.418232,0.091762,0.042424
0.016128,0.089270,-0.045425
0.295469,0.101910,-0.002722
0.295469,0.101910,-0.002722
0.035611,-0.037773,-0.049291
-0.317183,-0.080858,0.000737
-0.317183,-0.080858,0.000737
-0.317183,-0.080858,0.000737
-0.500358,-0.015976,0.074470
-0.500358,-0.015976,0.074470
0.031287,0.087515,-0.048172
-0.340175,0.101580,0.009232
-0.340175,0.101580,0.009232
-0.343380,-0.080171,0.007833
-0.343380,-0.080171,0.007833
-0.343380,-0.080171,0.007833
-0.517221,0.016325,0.081516
0.206374,-0.033474,-0.033319
-0.156466,-0.072999,-0.040618
-0.156466,-0.072999,-0.040618
-0.156466,-0.072999,-0.040618
0.095686,-0.057865,-0.051835
-0.205376,-0.075618,-0.034946
-0.205376,-0.075618,-0.034946
0.377265,0.100613,0.016430
-0.290656,-0.080832,-0.015947
-0.286383,0.100537,-0.015439
-0.469888,-0.050464,0.051046
0.041918,-0.071091,-0.057608
0.041918,-0.071091,-0.057608
-0.093238,0.083751,-0.053564
-0.093238,0.083751,-0.053564
-0.093238,0.083751,-0.053564
0.158813,-0.067708,-0.047028
0.193708,-0.066869,-0.041305
-0.520782,-0.008727,0.075259
0.029125,-0.037137,-0.060431
-0.094484,-0.073711,-0.055166
0.497364,0.075179,0.064729
0.497364,0.075179,0.064729
0.497364,0.075179,0.064729
-0.021463,-0.082333,-0.058727
-0.045981,0.079834,-0.058371
-0.469202,0.087311,0.049189
-0.469202,0.087311,0.049189
-0.506691,0.070652,0.066179
-0.018487,0.076553,-0.061881
0.247933,0.096162,-0.031131
-0.402616,0.100334,0.018083
-0.536932,0.034511,0.079532
0.182822,-0.032966,-0.050130
0.182822,-0.032966,-0.050130
0.182822,-0.032966,-0.050130
0.307677,0.100384,-0.016227
0.307677,0.100384,-0.016227
-0.529989,-0.008549,0.074241
-0.155703,-0.064377,-0.053844
-0.204460,0.090262,-0.043645
0.008676,0.072814,-0.065569
-0.140265,-0.060689,-0.058117
0.046090,-0.079484,-0.065823
-0.279210,-0.077399,-0.030267
-0.364261,0.120732,0.000508
0.460230,-0.075974,0.035531
0.564077,0.023192,0.089451
0.299513,-0.079790,-0.025816
0.299513,-0.079790,-0.025816
0.299513,-0.079790,-0.025816
-0.521087,-0.028413,0.063330
-0.337505,-0.080756,-0.015439
-0.337505,-0.080756,-0.015439
-0.337505,-0.080756,-0.015439
-0.106743,-0.065394,-0.065874
0.159423,-0.032915,-0.061067
0.159423,-0.032915,-0.061067
0.233385,-0.048989,-0.047002
0.216497,-0.085309,-0.049011
0.068319,-0.035026,-0.071775
0.175675,-0.032432,-0.060279
0.175675,-0.032432,-0.060279
0.175675,-0.032432,-0.060279
0.225806,-0.054381,-0.050003
-0.180578,0.080648,-0.057405
0.036577,0.062157,-0.073860
0.036577,0.062157,-0.073860
0.335350,0.100079,-0.017804
-0.324457,-0.079357,-0.023577
-0.027669,-0.075542,-0.074115
-0.027669,-0.075542,-0.074115
-0.416350,0.101351,0.011649
-0.416350,0.101351,0.011649
0.011270,-0.075313,-0.074572
-0.165368,-0.055017,-0.063839
-0.552650,-0.001631,0.074318
0.540779,0.069737,0.069689
-0.389695,0.101987,-0.000382
0.232495,-0.031185,-0.052928
0.232495,-0.031185,-0.052928
0.232495,-0.031185,-0.052928
-0.455823,0.097943,0.027189
0.566035,0.050254,0.081897
0.566035,0.050254,0.081897
-0.258685,0.089778,-0.044560
0.113693,-0.033398,-0.074089
-0.358819,0.100588,-0.015057
0.506952,-0.070023,0.047307
0.124197,-0.060002,-0.072767
0.202635,-0.044436,-0.061550
0.202635,-0.044436,-0.061550
-0.495551,0.091126,0.042500
-0.495551,0.091126,0.042500
-0.495551,0.091126,0.042500
0.549096,0.069355,0.070019
0.355035,-0.080196,-0.019686
-0.179509,-0.051914,-0.066561
-0.179509,-0.051914,-0.066561
0.228069,0.082199,-0.055573
0.127936,0.062284,-0.073784
-0.027440,-0.069718,-0.080600
0.063105,0.050941,-0.080168
-0.565902,0.033595,0.076937
-0.565902,0.033595,0.076937
-0.565902,0.033595,0.076937
0.031516,-0.037773,-0.082737
-0.313139,0.095170,-0.033649
0.022741,-0.066437,-0.082050
0.022741,-0.066437,-0.082050
-0.089397,-0.029583,-0.080626
-0.300626,-0.073278,-0.040059
0.583788,-0.021063,0.085432
0.047081,-0.020452,-0.084212
-0.436672,-0.070303,0.008749
-0.339997,0.097790,-0.026401
-0.339997,0.097790,-0.026401
-0.322651,0.095654,-0.032378
0.059315,0.041556,-0.083881
0.059315,0.041556,-0.083881
-0.364134,-0.077246,-0.020627
-0.029424,0.033849,-0.086043
-0.070779,0.041530,-0.083881
-0.203112,0.072509,-0.065849
-0.203112,0.072509,-0.065849
0.039324,-0.010762,-0.086781
0.080934,-0.029227,-0.084263
0.080934,-0.029227,-0.084263
0.073838,-0.049142,-0.084059
-0.449287,0.100919,0.014548
0.016128,-0.004734,-0.087874
-0.012408,0.025176,-0.087747
-0.012408,0.025176,-0.087747
-0.558678,0.065235,0.067985
0.104893,-0.067988,-0.081490
-0.224146,-0.054813,-0.064043
0.110463,0.046159,-0.082177
0.014958,0.007754,-0.088943
0.014958,0.007754,-0.088943
0.014958,0.007754,-0.088943
0.148080,0.056028,-0.077574
-0.028890,0.009789,-0.088943
-0.028890,0.009789,-0.088943
-0.028890,0.009789,-0.088943
-0.067727,0.029144,-0.087061
0.054941,0.002311,-0.088637
0.054941,0.002311,-0.088637
0.121730,-0.035662,-0.082737
0.118068,-0.047361,-0.082737
-0.327001,-0.074550,-0.037414
-0.327001,-0.074550,-0.037414
-0.327001,-0.074550,-0.037414
0.248925,-0.080756,-0.058422
-0.097078,-0.014399,-0.085992
0.187960,-0.043343,-0.073377
0.187960,-0.043343,-0.073377
0.067251,-0.033856,-0.088078
-0.249783,-0.058756,-0.060151
-0.197542,-0.044792,-0.072080
0.595895,0.037207,0.086602
0.036119,-0.034695,-0.090392
-0.536881,0.084030,0.052114
-0.098553,0.020140,-0.088383
-0.528717,-0.044233,0.043975
-0.276311,-0.061935,-0.056692
-0.276311,-0.061935,-0.056692
-0.276311,-0.061935,-0.056692
-0.137060,-0.016027,-0.085509
0.226314,-0.044029,-0.070071
0.592715,0.051856,0.081159
-0.173761,0.051373,-0.079964
0.180152,0.053255,-0.079023
0.091336,-0.052041,-0.090316
0.091336,-0.052041,-0.090316
0.091336,-0.052041,-0.090316
-0.124114,-0.001122,-0.088383
0.122239,0.012434,-0.088892
0.131827,0.025100,-0.087773
0.131827,0.025100,-0.087773
0.170080,-0.068675,-0.081160
0.170080,-0.068675,-0.081160
-0.012154,-0.036018,-0.095962
0.143094,0.026651,-0.087518
0.143094,0.026651,-0.087518
-0.250674,-0.051329,-0.067069
0.366125,0.096442,-0.030394
0.539660,-0.070481,0.046595
0.614741,-0.001529,0.089756
0.614741,-0.001529,0.089756
0.131776,-0.031643,-0.090062
0.257776,-0.077399,-0.065035
0.257776,-0.077399,-0.065035
0.184323,-0.031643,-0.082737
-0.472406,0.097307,0.012055
0.386726,0.098324,-0.024671
0.386726,0.098324,-0.024671
0.115346,-0.040698,-0.093088
0.516210,0.095857,0.033293
0.516210,0.095857,0.033293
-0.368712,0.095425,-0.033064
-0.368712,0.095425,-0.033064
0.037391,-0.038154,-0.099752
0.619472,-0.008295,0.088764
-0.234548,-0.037925,-0.076378
0.205738,-0.028489,-0.082737
0.201033,-0.054127,-0.082737
0.201033,-0.054127,-0.082737
0.177888,-0.001326,-0.088383
0.614207,0.042548,0.084949
0.614207,0.042548,0.084949
0.219829,-0.024827,-0.080956
-0.569437,0.076960,0.057658
-0.442598,0.094585,-0.007452
-0.442598,0.094585,-0.007452
-0.186733,0.010221,-0.088943
-0.186733,0.010221,-0.088943
-0.186733,0.010221,-0.088943
0.582771,0.076324,0.063559
0.468369,0.101936,0.003255
0.468369,0.101936,0.003255
0.563594,-0.067785,0.050740
0.563594,-0.067785,0.050740
-0.214837,0.039318,-0.084568
-0.214837,0.039318,-0.084568
0.187706,-0.024801,-0.090316
0.187706,-0.024801,-0.090316
0.225399,-0.066132,-0.081541
0.225399,-0.066132,-0.081541
0.205967,-0.004403,-0.087925
0.205967,-0.004403,-0.087925
0.205967,-0.004403,-0.087925
-0.201230,0.014036,-0.088841
0.571427,-0.065953,0.053258
-0.468846,0.102012,0.001373
0.137804,-0.040672,-0.098760
0.137804,-0.040672,-0.098760
0.510233,0.099596,0.021237
0.510233,0.099596,0.021237
0.510233,0.099596,0.021237
0.090141,-0.027294,-0.105398
0.326956,0.079910,-0.058269
0.326956,0.079910,-0.058269
0.326956,0.079910,-0.058269
0.326956,0.079910,-0.058269
0.561177,0.090338,0.044967
-0.348467,0.084844,-0.052089
-0.348467,0.084844,-0.052089
0.250222,0.044633,-0.082813
0.250222,0.044633,-0.082813
-0.503690,-0.058781,0.009436
0.069158,-0.038281,-0.110383
0.056721,-0.042936,-0.111375
0.056721,-0.042936,-0.111375
0.590350,-0.062342,0.057633
-0.506284,0.098833,0.012564
-0.556949,0.092627,0.038659
-0.556949,0.092627,0.038659
0.202991,-0.028947,-0.096318
0.290866,-0.038154,-0.076251
0.229595,-0.026378,-0.091740
0.278174,-0.027116,-0.081745
0.278174,-0.027116,-0.081745
0.264109,0.036037,-0.085509
0.068370,-0.044462,-0.116437
0.648975,0.030746,0.088179
0.280056,-0.018112,-0.084899
0.086072,-0.026734,-0.117174
0.086072,-0.026734,-0.117174
0.295011,0.050152,-0.080499
-0.471821,-0.064173,-0.015464
-0.471821,-0.064173,-0.015464
-0.471821,-0.064173,-0.015464
-0.471821,-0.064173,-0.015464
-0.471821,-0.064173,-0.015464
0.562220,-0.077246,0.032123
0.096525,-0.026124,-0.118014
0.024165,-0.034568,-0.121956
0.024165,-0.034568,-0.121956
0.461298,-0.079993,-0.020729
0.461298,-0.079993,-0.020729
0.128953,-0.039197,-0.115267
0.562449,0.096366,0.031970
0.644143,-0.034771,0.079532
-0.360548,-0.052575,-0.063839
-0.831737,0.096010,0.248540
-0.831737,0.096010,0.248540
-0.342770,0.068312,-0.069409
-0.342770,0.068312,-0.069409
-0.342770,0.068312,-0.069409
-0.421183,-0.064046,-0.041559
-0.421183,-0.064046,-0.041559
-0.421183,-0.064046,-0.041559
-0.546012,-0.051329,0.016328
-0.490999,0.106336,-0.008292
-0.816171,0.093034,0.228600
-0.816171,0.093034,0.228600
-0.373748,-0.053008,-0.062186
0.643761,0.060275,0.076530
0.423961,0.091991,-0.040516
0.423961,0.091991,-0.040516
-0.497739,0.101707,-0.006410
-0.497739,0.101707,-0.006410
-0.497739,0.101707,-0.006410
0.316274,-0.026709,-0.081897
0.303125,-0.014094,-0.086043
0.215937,-0.040926,-0.106365
0.215937,-0.040926,-0.106365
0.177659,-0.049956,-0.113105
-0.881358,0.107531,0.303783
0.204136,-0.040621,-0.109188
0.135693,-0.052041,-0.119616
0.135693,-0.052041,-0.119616
-0.313521,-0.017832,-0.084975
-0.313521,-0.017832,-0.084975
-0.300753,0.006559,-0.088892
0.192233,-0.040214,-0.112825
0.386472,0.079198,-0.059109
0.652205,-0.038841,0.077293
0.652205,-0.038841,0.077293
-0.806201,0.097536,0.213161
0.177176,-0.039757,-0.116640
-0.759861,0.088736,0.166465
0.124477,-0.024471,-0.124754
-0.312707,0.001675,-0.088587
0.670721,0.030009,0.087187
0.024165,-0.029812,-0.134088
-0.547665,0.101376,0.011191
-0.547665,0.101376,0.011191
-0.547665,0.101376,0.011191
0.667949,-0.026912,0.082457
0.667949,-0.026912,0.082457
0.667949,-0.026912,0.082457
-0.422963,-0.056746,-0.052547
0.338224,0.042700,-0.083474
0.049549,-0.027777,-0.135054
0.049549,-0.027777,-0.135054
0.110437,-0.037544,-0.131901
0.110437,-0.037544,-0.131901
-0.516305,0.101300,-0.010276
0.005522,-0.034161,-0.138895
0.005522,-0.034161,-0.138895
-0.394884,0.071619,-0.066586
-0.536627,-0.053109,-0.004044
-0.353325,-0.017426,-0.084441
0.138694,-0.028337,-0.132104
0.075364,-0.043241,-0.137750
0.114430,-0.028871,-0.134953
0.114430,-0.028871,-0.134953
0.114430,-0.028871,-0.134953
0.114430,-0.028871,-0.134953
0.076127,-0.029812,-0.138386
0.076127,-0.029812,-0.138386
0.059112,-0.035763,-0.139709
0.059112,-0.035763,-0.139709
-0.426320,0.081258,-0.056718
0.683107,0.037003,0.084618
0.013712,-0.034187,-0.142252
-0.348467,0.004397,-0.088510
-0.348467,0.004397,-0.088510
-0.348467,0.004397,-0.088510
-0.731705,0.081029,0.125058
-0.789822,0.085251,0.177300
0.464096,0.090872,-0.042551
0.208485,-0.039273,-0.125135
-0.391857,-0.032864,-0.075844
-0.391857,-0.032864,-0.075844
-0.391857,-0.032864,-0.075844
0.051253,-0.030193,-0.144261
0.454228,-0.067454,-0.049774
0.454228,-0.067454,-0.049774
-0.549598,0.102012,-0.000255
-0.427795,-0.047056,-0.062644
-0.499137,0.096951,-0.028257
0.362589,0.012637,-0.088892
0.362589,0.012637,-0.088892
-0.620534,-0.025539,0.034641
-0.829906,0.090643,0.211178
-0.829906,0.090643,0.211178
0.086631,-0.035992,-0.145355
-0.825556,0.095984,0.205480
-0.825556,0.095984,0.205480
-0.571446,0.124699,0.009817
-0.571446,0.124699,0.009817
-0.571446,0.124699,0.009817
0.425971,0.072382,-0.065976
0.425971,0.072382,-0.065976
-0.383235,-0.012720,-0.084670
0.640709,0.088354,0.048273
0.372890,0.018869,-0.088510
0.508529,0.096773,-0.029504
0.508529,0.096773,-0.029504
-0.604281,-0.036476,0.019228
-0.545478,0.101758,-0.010682
0.660598,-0.063283,0.056336
0.393161,-0.017578,-0.085051
0.393161,-0.017578,-0.085051
0.393161,-0.017578,-0.085051
0.695545,0.050610,0.078692
0.455067,0.078918,-0.059439
-0.430161,0.066277,-0.070732
-0.667612,0.035045,0.056641
-0.648867,-0.009287,0.043009
0.057230,-0.034466,-0.155986
-0.794120,0.082759,0.160335
-0.794120,0.082759,0.160335
0.407582,-0.018977,-0.084644
0.407582,-0.018977,-0.084644
0.418417,-0.030371,-0.080270
-0.405159,0.005363,-0.087162
-0.802615,0.083725,0.166032
-0.802615,0.083725,0.166032
0.012313,-0.040189,-0.159725
-0.019428,-0.043750,-0.159751
0.519491,0.095120,-0.033802
-0.560688,0.100944,-0.011980
-0.560688,0.100944,-0.011980
-0.560688,0.100944,-0.011980
0.028769,-0.036679,-0.160412
0.028769,-0.036679,-0.160412
0.028769,-0.036679,-0.160412
-0.419809,0.045320,-0.081872
-0.614455,0.096798,0.018617
0.139635,-0.044207,-0.153316
0.139635,-0.044207,-0.153316
0.139635,-0.044207,-0.153316
-0.599678,0.116408,0.010428
-0.482605,0.081411,-0.055217
0.673900,-0.064784,0.054098
0.673900,-0.064784,0.054098
-0.022277,-0.034314,-0.163133
-0.601941,0.099418,0.008240
-0.517119,-0.046242,-0.042780
-0.594616,0.137340,0.007426
0.121476,-0.035585,-0.158911
0.121476,-0.035585,-0.158911
-0.812890,0.084361,0.168423
-0.422734,0.025100,-0.086476
-0.655251,0.083166,0.038252
-0.655251,0.083166,0.038252
0.464656,0.070067,-0.067985
-0.018843,-0.054813,-0.165677
-0.018843,-0.054813,-0.165677
-0.018843,-0.054813,-0.165677
-0.030492,-0.039019,-0.166491
0.439705,0.048474,-0.081262
-0.675725,0.065286,0.049036
-0.451703,-0.018697,-0.077955
-0.683966,0.026016,0.052038
0.088157,-0.023377,-0.166033
0.606272,0.101910,0.004756
0.484214,0.076095,-0.062390
-0.484462,-0.032762,-0.064730
-0.484462,-0.032762,-0.064730
-0.484462,-0.032762,-0.064730
-0.667663,-0.006743,0.038787
-0.667663,-0.006743,0.038787
-0.440487,-0.002547,-0.084314
0.078213,-0.027625,-0.167559
-0.499061,-0.036399,-0.058956
0.015569,-0.037239,-0.171628
0.671179,-0.073024,0.041559
0.033449,-0.026327,-0.171806
0.033449,-0.026327,-0.171806
-0.591005,0.140392,-0.004349
-0.446718,0.025049,-0.085178
-0.446718,0.025049,-0.085178
0.588239,-0.080858,-0.013124
0.521093,-0.066971,-0.050436
0.521093,-0.066971,-0.050436
0.107741,-0.041079,-0.169288
0.107741,-0.041079,-0.169288
-0.651792,0.091228,0.026553
0.522187,0.086396,-0.049927
0.522187,0.086396,-0.049927
-0.691011,0.019784,0.048680
-0.691011,0.019784,0.048680
-0.691011,0.019784,0.048680
0.136024,-0.041054,-0.167432
-0.717869,0.080953,0.071851
-0.838146,0.087057,0.178419
-0.809330,0.081767,0.149373
0.074041,-0.037671,-0.174273
-0.614684,-0.034848,-0.003510
-0.614684,-0.034848,-0.003510
0.455601,0.031713,-0.086552
-0.548072,0.091025,-0.040288
-0.548072,0.091025,-0.040288
0.049574,-0.027726,-0.178419
0.537524,0.087922,-0.047511
0.537524,0.087922,-0.047511
0.566875,-0.076458,-0.032912
0.566875,-0.076458,-0.032912
0.490853,-0.043317,-0.073021
0.490853,-0.043317,-0.073021
-0.646858,0.095425,0.016481
-0.646858,0.095425,0.016481
0.715002,0.072916,0.061855
0.715002,0.072916,0.061855
0.166265,-0.021520,-0.169899
-0.575846,-0.039426,-0.032098
-0.680125,0.081868,0.036040
-0.475255,0.008161,-0.082915
-0.475484,0.023345,-0.083322
-0.748263,0.071466,0.085992
0.198973,-0.033144,-0.166313
0.198973,-0.033144,-0.166313
0.502934,0.068465,-0.069282
0.144264,-0.021190,-0.174680
0.144264,-0.021190,-0.174680
0.059748,-0.027065,-0.183124
0.059748,-0.027065,-0.183124
0.176922,-0.024242,-0.172620
-0.696505,0.064955,0.041737
0.474168,0.025609,-0.087671
-0.693554,0.077214,0.039702
-0.685695,0.076451,0.033038
0.746184,0.046363,0.076810
0.490242,-0.026684,-0.081897
0.755314,-0.007633,0.082558
-0.610055,0.097485,-0.015388
-0.503156,-0.001504,-0.078337
0.748524,-0.033474,0.075208
0.154082,-0.076229,-0.178750
-0.552752,0.082250,-0.052420
-0.855085,0.088176,0.174782
-0.713851,0.036444,0.046061
-0.623102,0.165851,-0.002798
-0.623102,0.165851,-0.002798
-0.543876,-0.023835,-0.061627
-0.543876,-0.023835,-0.061627
-0.644187,0.156008,0.007859
-0.642432,0.165190,0.007452
0.186714,-0.072515,-0.177224
0.186714,-0.072515,-0.177224
-0.639024,-0.028515,-0.008571
-0.513915,0.043540,-0.077752
-0.008390,-0.029379,-0.195460
-0.660236,0.116509,0.009131
0.548613,-0.057026,-0.061881
0.514048,-0.028845,-0.080956
0.514048,-0.028845,-0.080956
0.497949,0.013578,-0.088866
0.588493,0.092551,-0.039423
0.588493,0.092551,-0.039423
0.641294,-0.080858,-0.008749
0.034110,-0.030600,-0.197596
0.145485,-0.097517,-0.185846
-0.652504,0.097205,-0.000992
0.220261,-0.078442,-0.175850
-0.652428,0.163562,0.007579
-0.652428,0.163562,0.007579
-0.793281,0.082988,0.104813
0.090014,-0.021317,-0.195867
0.043597,-0.023606,-0.198588
0.043597,-0.023606,-0.198588
0.168656,-0.101968,-0.183506
0.168656,-0.101968,-0.183506
-0.695080,0.087845,0.025942
0.074576,-0.031669,-0.197189
0.074576,-0.031669,-0.197189
-0.597134,-0.027396,-0.041330
-0.597134,-0.027396,-0.041330
0.208663,-0.056696,-0.181090
0.208663,-0.056696,-0.181090
-0.753884,0.079630,0.068621
-0.753884,0.079630,0.068621
-0.753884,0.079630,0.068621
-0.753884,0.079630,0.068621
-0.854373,0.087235,0.160539
0.713755,0.090872,0.037464
0.603245,0.094280,-0.035684
0.603245,0.094280,-0.035684
0.603245,0.094280,-0.035684
0.537931,0.062590,-0.073581
0.537931,0.062590,-0.073581
0.620794,0.097688,-0.026757
0.165120,-0.083325,-0.189966
-0.731476,0.077341,0.046391
0.153395,-0.089378,-0.191390
0.554997,-0.049956,-0.068214
0.554997,-0.049956,-0.068214
0.554997,-0.049956,-0.068214
-0.648613,0.197160,0.003510
-0.668349,0.148276,0.007859
-0.808541,0.082708,0.109060
-0.808541,0.082708,0.109060
0.212555,-0.072108,-0.185210
0.212555,-0.072108,-0.185210
-0.832932,0.081360,0.131188
0.174175,-0.074652,-0.191441
-0.569717,-0.012084,-0.064297
0.102985,-0.020376,-0.202810
0.102985,-0.020376,-0.202810
0.217082,-0.079383,-0.185261
-0.714690,0.082555,0.030012
-0.714690,0.082555,0.030012
0.143400,-0.087394,-0.196248
0.143400,-0.087394,-0.196248
0.183000,-0.076788,-0.191696
-0.581492,-0.014933,-0.058956
0.128877,-0.023657,-0.201106
-0.646273,0.190064,-0.003357
-0.646273,0.190064,-0.003357
-0.646273,0.190064,-0.003357
0.133074,-0.062596,-0.199809
0.153344,-0.111887,-0.194010
0.153344,-0.111887,-0.194010
0.561483,0.069101,-0.068799
-0.568648,0.064421,-0.065569
0.175624,-0.024267,-0.196655
0.150216,-0.023046,-0.200369
0.165883,-0.041028,-0.198232
0.165883,-0.041028,-0.198232
0.142967,-0.059748,-0.201081
0.607772,-0.070354,-0.045374
0.607772,-0.070354,-0.045374
0.752313,0.077748,0.053615
0.248493,-0.048404,-0.184905
0.541822,-0.021800,-0.083729
-0.655810,0.164376,-0.006104
-0.655810,0.164376,-0.006104
-0.660948,0.143215,-0.006664
-0.785040,0.071669,0.078362
-0.785040,0.071669,0.078362
-0.674657,0.175084,0.007274
-0.674657,0.175084,0.007274
0.219523,-0.093270,-0.189661
0.219523,-0.093270,-0.189661
0.242617,-0.065953,-0.188644
0.242617,-0.065953,-0.188644
0.141034,-0.105122,-0.202149
0.253529,-0.076254,-0.185871
0.235013,-0.042402,-0.191848
0.235013,-0.042402,-0.191848
0.210113,-0.085792,-0.194188
-0.667968,-0.019587,-0.016125
0.544187,0.013629,-0.088866
0.224966,-0.110259,-0.191416
0.224966,-0.110259,-0.191416
0.145994,-0.029990,-0.208355
0.783546,-0.041283,0.068951
-0.659041,0.206927,-0.002849
-0.659041,0.206927,-0.002849
-0.659041,0.206927,-0.002849
0.230638,-0.079790,-0.193095
0.230638,-0.079790,-0.193095
0.230638,-0.079790,-0.193095
-0.611326,0.076120,-0.050563
-0.672037,0.094687,-0.011929
-0.670384,0.155881,-0.006257
-0.670384,0.155881,-0.006257
-0.670384,0.155881,-0.006257
0.031770,-0.028896,-0.218656
0.253834,-0.092812,-0.190221
-0.695080,0.145809,0.007350
0.031033,-0.045505,-0.219673
0.031033,-0.045505,-0.219673
-0.586808,0.035324,-0.071317
0.254851,-0.066895,-0.193603
0.254851,-0.066895,-0.193603
0.021342,-0.035662,-0.222293
0.021342,-0.035662,-0.222293
0.021342,-0.035662,-0.222293
0.146299,-0.051125,-0.213238
0.246356,-0.089022,-0.194926
-0.729340,0.087515,0.021593
-0.729340,0.087515,0.021593
0.072897,-0.076051,-0.219342
0.072897,-0.076051,-0.219342
0.072897,-0.076051,-0.219342
0.209681,-0.107614,-0.201411
0.761444,0.084361,0.043950
0.788302,-0.049371,0.063101
0.788302,-0.049371,0.063101
-0.601051,0.024108,-0.068468
0.244118,-0.071295,-0.199911
0.244118,-0.071295,-0.199911
0.565221,0.006279,-0.088892
0.157846,-0.046700,-0.216011
0.167155,-0.047768,-0.214764
-0.786642,0.069533,0.059515
-0.786642,0.069533,0.059515
0.153395,-0.063588,-0.216926
-0.690350,0.142020,-0.006104
0.028820,-0.043165,-0.227354
0.028820,-0.043165,-0.227354
0.037417,-0.045149,-0.227201
0.222957,-0.079179,-0.205684
0.192360,-0.028718,-0.213594
0.130886,-0.079968,-0.219648
0.130886,-0.079968,-0.219648
0.673443,0.097561,-0.024162
0.066844,-0.019613,-0.228015
-0.806786,0.072712,0.073733
-0.806786,0.072712,0.073733
0.201033,-0.043444,-0.213416
0.201033,-0.043444,-0.213416
0.574886,0.018411,-0.088561
0.204289,-0.117381,-0.208533
0.204289,-0.117381,-0.208533
0.123053,-0.028464,-0.225472
-0.618143,0.030594,-0.065264
0.133709,-0.090497,-0.221453
-0.625188,0.015333,-0.061703
-0.625188,0.015333,-0.061703
0.227891,-0.106699,-0.206422
0.227891,-0.106699,-0.206422
0.227891,-0.106699,-0.206422
0.186790,-0.101917,-0.213899
-0.692613,0.166843,-0.005748
-0.704109,0.110507,-0.006130
0.128267,-0.065547,-0.224709
0.629722,-0.060002,-0.058905
0.036119,-0.037722,-0.232721
0.036119,-0.037722,-0.232721
-0.626638,0.047304,-0.062084
-0.626638,0.047304,-0.062084
-0.626638,0.047304,-0.062084
0.176489,-0.060434,-0.219978
0.600193,0.056969,-0.077040
0.600193,0.056969,-0.077040
-0.664000,0.081640,-0.037337
-0.664000,0.081640,-0.037337
0.124324,-0.088997,-0.225090
0.124324,-0.088997,-0.225090
0.141975,-0.050439,-0.225625
0.141975,-0.050439,-0.225625
0.141975,-0.050439,-0.225625
0.081977,-0.032635,-0.231754
0.081977,-0.032635,-0.231754
-0.800657,0.076171,0.062822
-0.800657,0.076171,0.062822
-0.800657,0.076171,0.062822
0.101459,-0.029430,-0.230457
0.819255,-0.007888,0.075691
0.094236,-0.095202,-0.228015
-0.704389,0.139832,-0.005723
-0.738496,0.000760,0.008673
0.095024,-0.060765,-0.231245
0.101612,-0.072668,-0.230075
0.059010,-0.028260,-0.235544
0.136176,-0.044207,-0.229058
0.136176,-0.044207,-0.229058
0.153624,-0.108276,-0.223539
0.102095,-0.081188,-0.231017
0.196175,-0.056060,-0.221326
0.196175,-0.056060,-0.221326
0.196175,-0.056060,-0.221326
0.116185,-0.028235,-0.232466
0.738706,0.097638,0.010758
0.031211,-0.020707,-0.237935
0.031211,-0.020707,-0.237935
0.139763,-0.117890,-0.225319
0.142357,-0.074474,-0.229440
0.142357,-0.074474,-0.229440
0.826504,0.008593,0.075488
0.143476,-0.095991,-0.228346
0.143476,-0.095991,-0.228346
-0.720845,0.102979,-0.005341
0.188087,-0.119975,-0.222089
-0.735571,0.120706,0.006028
-0.735571,0.120706,0.006028
0.230079,-0.042656,-0.220283
0.230079,-0.042656,-0.220283
-0.708713,0.232386,0.006231
-0.708713,0.232386,0.006231
-0.708713,0.232386,0.006231
0.652587,-0.062596,-0.055929
0.652587,-0.062596,-0.055929
0.652587,-0.062596,-0.055929
0.087649,-0.068064,-0.238062
0.087649,-0.068064,-0.238062
0.087649,-0.068064,-0.238062
0.087649,-0.068064,-0.238062
0.152988,-0.049981,-0.232771
0.673519,-0.071320,-0.043162
0.817653,-0.043444,0.063305
0.817653,-0.043444,0.063305
0.817653,-0.043444,0.063305
0.817653,-0.043444,0.063305
0.253427,-0.032432,-0.218096
0.253427,-0.032432,-0.218096
-0.733308,0.094382,-0.001450
0.721106,0.098299,-0.010581
0.721106,0.098299,-0.010581
0.721106,0.098299,-0.010581
0.721106,0.098299,-0.010581
0.138593,-0.108962,-0.232848
0.138593,-0.108962,-0.232848
-0.766066,0.081411,0.021212
-0.766066,0.081411,0.021212
-0.766066,0.081411,0.021212
0.089607,-0.085436,-0.239435
0.242795,-0.093168,-0.218528
0.242795,-0.093168,-0.218528
0.242795,-0.093168,-0.218528
0.243584,-0.063792,-0.220283
0.253936,-0.117076,-0.214993
0.129182,-0.042300,-0.239868
0.612249,-0.011143,-0.086704
0.612249,-0.011143,-0.086704
0.137194,-0.082892,-0.237095
0.214666,-0.048557,-0.227939
-0.740200,0.141155,0.005773
-0.740200,0.141155,0.005773
-0.740200,0.141155,0.005773
-0.708052,0.212166,-0.005112
0.779935,0.090338,0.030114
0.154362,-0.118780,-0.232899
0.101688,-0.016993,-0.244090
0.101688,-0.016993,-0.244090
0.614029,0.025863,-0.087646
0.108072,-0.090217,-0.241419
0.208638,-0.118627,-0.226260
-0.731019,0.199602,0.006206
0.836474,0.027414,0.070630
0.836474,0.027414,0.070630
0.160491,-0.079968,-0.239740
0.160491,-0.079968,-0.239740
0.637199,0.056536,-0.077294
0.637199,0.056536,-0.077294
0.637199,0.056536,-0.077294
-0.699430,0.076375,-0.036930
-0.743888,0.096595,-0.003993
-0.725855,0.186020,-0.004934
0.238777,-0.045937,-0.229974
0.238777,-0.045937,-0.229974
0.229417,-0.035255,-0.232619
-0.753833,0.006126,-0.002645
-0.753350,0.094458,0.000814
-0.732875,0.225341,0.006053
0.672756,0.079478,-0.057176
0.672756,0.079478,-0.057176
-0.727025,0.196296,-0.004884
0.148181,-0.111277,-0.242258
0.148181,-0.111277,-0.242258
0.837161,-0.035382,0.064220
0.837161,-0.035382,0.064220
0.837161,-0.035382,0.064220
0.837161,-0.035382,0.064220
0.699029,0.089651,-0.040033
0.241142,-0.087293,-0.229948
0.241142,-0.087293,-0.229948
0.241142,-0.087293,-0.229948
0.195056,-0.100035,-0.237578
0.195056,-0.100035,-0.237578
-0.754596,0.144589,0.005137
-0.754596,0.144589,0.005137
0.286720,-0.111913,-0.218783
0.171987,-0.104995,-0.241979
0.653070,-0.039858,-0.075259
0.653070,-0.039858,-0.075259
-0.700905,0.021234,-0.045298
0.081494,-0.016485,-0.255967
0.209426,-0.053237,-0.240325
0.010660,-0.025157,-0.258841
0.716884,-0.076025,-0.032581
0.071701,-0.026760,-0.257061
0.640022,0.041505,-0.083907
-0.762429,0.118315,0.004527
0.139483,-0.103011,-0.247803
0.139483,-0.103011,-0.247803
0.770142,-0.080858,0.005850
0.254622,-0.043063,-0.233840
-0.698539,0.037741,-0.048935
-0.758106,0.158425,0.005087
-0.745821,0.158603,-0.004197
-0.752027,0.187953,0.005519
-0.752027,0.187953,0.005519
-0.716776,0.260516,-0.004222
0.796721,-0.077399,0.024594
0.234173,-0.117101,-0.235722
0.175446,-0.063436,-0.250652
-0.024134,-0.022538,-0.264081
-0.729289,0.278524,0.005214
-0.729162,0.242509,-0.004527
0.671357,-0.044665,-0.071317
0.657953,0.051831,-0.079481
-0.709985,0.065591,-0.045501
-0.709985,0.065591,-0.045501
0.244652,-0.100416,-0.237629
-0.703906,0.078435,-0.049037
-0.739691,0.015842,-0.027291
0.156269,-0.048964,-0.255611
0.156269,-0.048964,-0.255611
0.158202,-0.087445,-0.253398
0.158202,-0.087445,-0.253398
-0.754876,0.163995,-0.003841
0.138669,-0.089276,-0.256044
0.138669,-0.089276,-0.256044
0.138669,-0.089276,-0.256044
0.251748,-0.052652,-0.240478
0.647525,0.012103,-0.088917
0.647525,0.012103,-0.088917
-0.735775,0.234447,-0.004527
0.214589,-0.095711,-0.245514
0.268891,-0.115041,-0.234374
0.268891,-0.115041,-0.234374
0.268891,-0.115041,-0.234374
-0.695716,0.068160,-0.059160
-0.695716,0.068160,-0.059160
0.288144,-0.042554,-0.235391
0.288144,-0.042554,-0.235391
0.222016,-0.114507,-0.245209
0.861069,-0.019765,0.064831
0.175853,-0.050032,-0.258333
0.206578,-0.081748,-0.252559
0.206578,-0.081748,-0.252559
0.148181,-0.089378,-0.260291
0.148181,-0.076966,-0.261232
-0.750730,0.257998,0.005519
-0.764159,0.217101,0.005214
-0.764159,0.217101,0.005214
-0.754163,0.212930,-0.004121
0.234428,-0.086682,-0.249431
0.234428,-0.086682,-0.249431
0.208205,-0.058094,-0.255738
-0.797884,0.023269,0.006638
0.276114,-0.101917,-0.240274
0.676952,-0.026862,-0.080549
0.676952,-0.026862,-0.080549
0.154463,-0.067785,-0.265276
0.154463,-0.067785,-0.265276
0.249256,-0.103265,-0.248108
0.747125,0.090745,-0.032378
-0.773849,0.087973,-0.013124
0.164968,-0.096398,-0.264513
0.241346,-0.064199,-0.254975
-0.008390,-0.022945,-0.279850
-0.784837,0.022302,-0.011013
0.750075,-0.074754,-0.034616
0.249612,-0.058120,-0.254339
0.249612,-0.058120,-0.254339
-0.764235,0.257515,0.005239
-0.770263,0.238236,0.005061
0.258310,-0.044335,-0.253729
0.243787,-0.078950,-0.255204
0.265432,-0.064885,-0.252076
-0.762836,0.049669,-0.028613
-0.814391,0.037156,0.009410
0.207595,-0.102934,-0.261944
0.207595,-0.102934,-0.261944
0.736595,0.082428,-0.047714
-0.799334,0.023294,-0.004299
-0.799334,0.023294,-0.004299
0.728965,-0.060485,-0.055522
0.728965,-0.060485,-0.055522
0.728965,-0.060485,-0.055522
0.287076,-0.053593,-0.250779
0.287076,-0.053593,-0.250779
-0.754240,0.303118,0.004883
0.861832,-0.053389,0.046773
0.861832,-0.053389,0.046773
-0.707340,0.081258,-0.072334
-0.707340,0.081258,-0.072334
-0.707340,0.081258,-0.072334
-0.707340,0.081258,-0.072334
-0.707340,0.081258,-0.072334
-0.009967,-0.018621,-0.288116
-0.748390,0.317056,0.000330
-0.769220,0.066990,-0.031462
-0.769220,0.066990,-0.031462
0.036399,-0.015442,-0.288167
-0.770187,0.245994,-0.003663
-0.799944,0.165088,0.002874
-0.782064,0.065133,-0.022916
0.278708,-0.053313,-0.258104
0.216726,-0.071574,-0.269524
0.062367,-0.014272,-0.288548
0.062367,-0.014272,-0.288548
-0.791628,0.182917,-0.002213
-0.791628,0.182917,-0.002213
-0.760853,0.285136,-0.003688
0.705515,0.037232,-0.081541
0.879813,0.037003,0.054530
0.879813,0.037003,0.054530
0.879813,0.037003,0.054530
0.882382,-0.029100,0.056616
0.713730,0.049313,-0.076505
0.003615,-0.017069,-0.292465
0.003615,-0.017069,-0.292465
-0.804930,0.150845,-0.000865
-0.804930,0.150845,-0.000865
0.075237,-0.023937,-0.292109
0.049243,-0.014297,-0.293711
-0.808643,0.038631,-0.010555
0.276495,-0.096525,-0.261308
0.276495,-0.096525,-0.261308
0.811142,0.091254,-0.005748
0.288424,-0.071371,-0.260927
0.288424,-0.071371,-0.260927
0.288424,-0.071371,-0.260927
0.288424,-0.071371,-0.260927
0.734306,-0.046039,-0.067400
0.734306,-0.046039,-0.067400
0.261235,-0.088081,-0.266904
-0.818995,0.033671,-0.004884
0.795348,0.090567,-0.021263
0.890191,-0.025132,0.055954
-0.762658,0.076578,-0.048681
-0.805260,0.189530,-0.001475
0.808420,-0.078594,-0.014141
0.808420,-0.078594,-0.014141
0.726243,-0.027497,-0.077574
-0.795061,0.256854,0.004222
-0.795061,0.256854,0.004222
-0.834382,0.045473,0.003561
0.728558,0.042446,-0.078210
0.898685,0.015944,0.057023
0.898685,0.015944,0.057023
-0.722549,0.082225,-0.081160
0.079026,-0.023275,-0.300578
0.073889,-0.012822,-0.301443
0.073889,-0.012822,-0.301443
0.073889,-0.012822,-0.301443
0.056416,-0.022741,-0.303198
0.056416,-0.022741,-0.303198
0.095787,-0.012415,-0.302104
0.814855,-0.076941,-0.019686
0.814855,-0.076941,-0.019686
-0.803378,0.070957,-0.029504
-0.803378,0.070957,-0.029504
0.117762,-0.023428,-0.302460
0.117762,-0.023428,-0.302460
0.117762,-0.023428,-0.302460
0.863612,0.076400,0.018999
-0.001701,-0.015747,-0.309226
0.741326,-0.019333,-0.079405
0.805394,-0.073584,-0.031208
-0.777995,0.068516,-0.052521
-0.018360,-0.020249,-0.311184
-0.018360,-0.020249,-0.311184
0.899270,-0.041003,0.046086
0.899270,-0.041003,0.046086
-0.830389,0.185512,0.001144
0.751449,-0.029634,-0.075285
0.748473,0.038860,-0.077981
0.761902,0.058266,-0.068061
0.761902,0.058266,-0.068061
0.834541,-0.076356,-0.011369
-0.817392,0.241365,-0.001501
0.086631,-0.011627,-0.313448
-0.037181,-0.019180,-0.316424
-0.832653,0.209928,-0.000000
0.824444,-0.073889,-0.026630
-0.803124,0.305636,-0.002696
-0.825607,0.260694,0.002696
0.791812,0.069126,-0.055904
-0.016096,-0.033347,-0.321205
0.036832,-0.020910,-0.321332
0.901305,-0.054991,0.033573
0.873837,0.075408,0.009843
0.010711,-0.021470,-0.323291
0.873455,-0.070888,0.008062
-0.781785,0.078282,-0.067146
-0.781785,0.078282,-0.067146
-0.801267,0.331706,-0.002696
0.827598,0.079579,-0.033929
-0.020115,-0.018977,-0.326902
-0.836925,0.254972,0.001907
-0.836925,0.254972,0.001907
-0.836925,0.254972,0.001907
0.777010,0.040615,-0.075335
-0.821919,0.305967,0.003408
-0.821919,0.305967,0.003408
0.013000,-0.035407,-0.327131
0.051812,-0.020707,-0.326852
-0.820419,0.294471,-0.001959
-0.820419,0.294471,-0.001959
0.837924,0.079351,-0.028537
0.837924,0.079351,-0.028537
0.837924,0.079351,-0.028537
0.837924,0.079351,-0.028537
0.848072,-0.072439,-0.020881
0.821646,-0.063486,-0.044306
-0.814238,0.342032,0.003789
0.911708,0.047278,0.030444
0.885765,-0.068649,0.007274
-0.802386,0.380183,0.001907
-0.736868,0.085938,-0.112469
-0.736868,0.085938,-0.112469
-0.736868,0.085938,-0.112469
-0.769373,0.073043,-0.092987
0.867910,0.075612,-0.016354
0.885816,-0.068649,-0.001450
-0.816527,0.074467,-0.058422
-0.762226,0.073679,-0.098684
-0.762226,0.073679,-0.098684
0.795780,0.014189,-0.078031
0.824953,0.056307,-0.059694
0.824953,0.056307,-0.059694
0.829607,-0.048735,-0.056489
-0.801547,0.079045,-0.080397
-0.788830,0.073552,-0.090469
-0.853992,0.322855,0.001907
0.020961,-0.018036,-0.353048
0.020961,-0.018036,-0.353048
0.823325,0.008339,-0.074547
0.835889,-0.024140,-0.067578
-0.038377,-0.016154,-0.356050
0.043368,-0.008854,-0.357092
0.832634,0.006813,-0.072716
0.832634,0.006813,-0.072716
0.063257,-0.018392,-0.356406
-0.852923,0.339845,-0.000789
-0.852923,0.339845,-0.000789
0.845605,-0.018011,-0.067222
-0.834713,0.394095,-0.001679
-0.834713,0.394095,-0.001679
0.846851,0.027796,-0.066535
-0.870524,0.333181,0.000941
-0.845929,0.396537,0.002874
0.854685,-0.002394,-0.067553
0.854685,-0.002394,-0.067553
-0.863707,0.359658,-0.000433
-0.863707,0.359658,-0.000433
0.860840,0.011671,-0.065925
-0.807676,0.076527,-0.105398
-0.001116,-0.009388,-0.372022
0.910767,0.049466,-0.026553
0.910767,0.049466,-0.026553
-0.038326,-0.011932,-0.373370
-0.038326,-0.011932,-0.373370
0.974835,0.001370,0.028409
0.886884,0.015562,-0.058803
0.886884,0.015562,-0.058803
-0.781276,0.088278,-0.136911
-0.781276,0.088278,-0.136911
0.924196,0.035197,-0.027545
-0.805845,0.084768,-0.120226
-0.805845,0.084768,-0.120226
0.064249,-0.016154,-0.382654
0.064249,-0.016154,-0.382654
-0.820495,0.078715,-0.115903
-0.820495,0.078715,-0.115903
-0.032043,-0.009821,-0.388376
-0.032043,-0.009821,-0.388376
0.069336,-0.007150,-0.393743
0.069336,-0.007150,-0.393743
0.935972,0.021616,-0.039016
0.935972,0.021616,-0.039016
0.946476,-0.034873,-0.031360
0.946476,-0.034873,-0.031360
-0.827159,0.080800,-0.129383
0.033016,-0.014145,-0.402797
0.033016,-0.014145,-0.402797
0.992282,-0.031007,0.007783
0.995970,0.003659,0.010504
0.995970,0.003659,0.010504
-0.809482,0.081818,-0.148178
0.004912,-0.013280,-0.407986
0.004912,-0.013280,-0.407986
0.004912,-0.013280,-0.407986
0.026505,-0.004302,-0.415819
-0.773620,0.092678,-0.184371
-0.843080,0.083191,-0.137725
0.992689,0.004804,-0.013404
0.991290,-0.022894,-0.015540
0.986051,-0.004200,-0.021899
0.986051,-0.004200,-0.021899
-0.849134,0.085480,-0.153367
0.011983,-0.011143,-0.435658
0.011983,-0.011143,-0.435658
0.021520,-0.010406,-0.445882
-0.036927,-0.009287,-0.446035
-0.036927,-0.009287,-0.446035
-0.018792,-0.009694,-0.446493
-0.852974,0.088303,-0.165092
-0.852974,0.088303,-0.165092
0.052372,-0.009134,-0.445908
-0.792518,0.097205,-0.209398
-0.050152,-0.008727,-0.448400
-0.050152,-0.008727,-0.448400
-0.841325,0.087413,-0.177987
-0.841325,0.087413,-0.177987
-0.830821,0.094026,-0.192103
-0.015333,-0.002114,-0.456183
0.026861,-0.009287,-0.459362
0.045148,-0.006311,-0.460609
0.004607,-0.000283,-0.469434
0.004607,-0.000283,-0.469434
-0.082504,-0.013407,-0.467221
-0.055570,-0.003233,-0.468849
-0.048296,-0.026556,-0.471036
-0.063912,-0.027930,-0.472741
-0.030899,-0.007201,-0.474470
-0.030899,-0.007201,-0.474470
0.032304,-0.007964,-0.474979
0.032304,-0.007964,-0.474979
0.032304,-0.007964,-0.474979
-0.010628,-0.012161,-0.476784
-0.010628,-0.012161,-0.476784
-0.092220,-0.028489,-0.474343
-0.019199,-0.000105,-0.479074
0.001580,0.000658,-0.481210
0.001580,0.000658,-0.481210
-0.831788,0.092398,-0.222420
-0.042929,-0.000588,-0.485992
-0.042929,-0.000588,-0.485992
-0.042929,-0.000588,-0.485992
-0.042929,-0.000588,-0.485992
-0.853127,0.092831,-0.217460
-0.853127,0.092831,-0.217460
-0.860706,0.092983,-0.213391
-0.860706,0.092983,-0.213391
0.004403,0.001904,-0.495758
0.004403,0.001904,-0.495758
-0.040182,0.001218,-0.502422
-0.863682,0.095476,-0.233407
-0.046490,0.001752,-0.511069
0.000995,-0.003462,-0.524778
-0.855009,0.102673,-0.260087
-0.087896,0.001065,-0.531544
-0.036113,0.004575,-0.535995
-0.075637,-0.001326,-0.535003
-0.075637,-0.001326,-0.535003
-0.075637,-0.001326,-0.535003
-0.011824,0.005312,-0.540573
-0.011824,0.005312,-0.540573
-0.874135,0.102953,-0.269117
-0.001446,-0.001606,-0.545939
-0.018691,0.006279,-0.552272
-0.854271,0.107201,-0.293660
-0.854271,0.107201,-0.293660
-0.854271,0.107201,-0.293660
-0.854271,0.107201,-0.293660
-0.883749,0.103386,-0.276416
-0.026626,-0.000487,-0.556952
-0.077062,0.000734,-0.560818
-0.057223,0.000887,-0.568219
-0.879349,0.104784,-0.303401
-0.027186,0.008237,-0.587498
-0.095857,0.003532,-0.590322
-0.046286,0.009560,-0.595612
-0.085989,0.008619,-0.600648
-0.111499,0.007830,-0.609880
-0.046871,0.011060,-0.615043
-0.064039,0.004905,-0.615832
-0.079351,0.011086,-0.622445
-0.115797,0.006660,-0.623131
-0.094179,0.007245,-0.638239
-0.051399,0.008364,-0.652380
-0.051399,0.008364,-0.652380
-0.139247,0.009738,-0.653449
-0.099876,0.009534,-0.665199
-0.120070,0.013604,-0.669218
-0.085022,0.010603,-0.680739
-0.110100,0.011162,-0.682876
-0.124725,0.011544,-0.683155
-0.114526,0.012027,-0.692413
-0.072687,0.014774,-0.694855
-0.072687,0.014774,-0.694855
-0.097587,0.017317,-0.697220
-0.090440,0.014189,-0.722018
-0.138637,0.015130,-0.724384
-0.138637,0.015130,-0.724384
-0.146140,0.017902,-0.726647
-0.148251,0.055315,-0.769173
-0.148251,0.055315,-0.769173
-0.169514,0.081792,-0.776879
-0.169514,0.081792,-0.776879
-0.169514,0.081792,-0.776879
-0.209572,0.135229,-0.791504
